formula	dielectric_constant	Ax	Bx	Cx	Dx	Acn	Bcn	Ccn	Dcn	Air	Bir	Cir	Dir	Acp	Bcp	Ccp	Dcp	Amac	Bmac	Cmac	Dmac	Aap	Bap	Cap	Dap
(Nd0.5Na0.5)TiO3	98	0.1	0.1	0.2	0.6	12	12	6	2	1.35	1.16	0.605	1.35	3.19	2.7	3.8	0	252	95.3	571	36.6	9.38	11.8	4.49	0.54
Pb0.6Ca0.4ZrO3	94	0.12	0.08	0.2	0.6	12	12	6	2	1.49	1	0.72	1.35	4.1	2.55	3.45	0	579	468	419	36.6	4.16	6.22	4.63	0.54
Pb0.6Ca0.4ZrO3	94	0.12	0.08	0.2	0.6	12	12	6	2	1.49	1	0.72	1.35	4.1	2.55	3.45	0	579	468	419	36.6	4.16	6.22	4.63	0.54
(Li0.5Pr0.5)TiO3	92	0.1	0.1	0.2	0.6	12	12	6	2	0.92	0.99	0.605	1.35	2.85	3.19	3.8	0	1.96	236	571	36.6	9.1	9.92	4.49	0.54
Li0.2Nd0.6TiO3	88	0.04	0.12	0.21	0.62	12	12	6	2	0.92	0.983	0.605	1.35	2.85	3.19	3.8	0	1.96	252	571	36.6	9.1	9.38	4.49	0.54
BaPr2Ti5O14	84	0.05	0.09	0.23	0.64	12	12	6	2	1.35	0.99	0.605	1.35	2.32	3.19	3.8	0	461	236	571	36.6	11.07	9.92	4.49	0.54
Ba4La4Ti7O24	82.2	0.1	0.1	0.18	0.62	12	12	6	2	1.35	1.032	0.605	1.35	2.32	3.17	3.8	0	461	202	571	36.6	11.07	8.68	4.49	0.54
(Sm0.5Na0.5Ti)O3	80	0.1	0.1	0.2	0.6	12	12	6	2	1.24	1.16	0.605	1.35	3.2	2.7	3.8	0	284	95.3	571	36.6	8.62	11.8	4.49	0.54
(La0.44Sr0.33)TiO3	80	0.09	0.07	0.21	0.63	12	12	6	2	1.36	1.18	0.605	1.35	3.17	2.4	3.8	0	202	373	571	36.6	8.68	7.6	4.49	0.54
(Li0.5Nd0.5)TiO3	80	0.1	0.1	0.2	0.6	12	12	6	2	0.92	0.983	0.605	1.35	2.85	3.19	3.8	0	1.96	252	571	36.6	9.1	9.38	4.49	0.54
Ca(Zr0.6Ti0.4)O3	78	0.2	0.12	0.08	0.6	12	6	6	2	1.4	0.86	6.61	1.35	2.55	3.45	3.8	0	468	419	571	36.6	6.22	4.63	4.49	0.54
Li0.5Nd0.5TiO3	75	0.1	0.1	0.2	0.6	12	12	6	2	0.92	0.983	0.605	1.35	2.85	3.19	3.8	0	1.96	252	571	36.6	9.1	9.38	4.49	0.54
Ni0.15Nb0.3Ti0.55O2	75	0.05	0.1	0.18	0.67	12	12	6	2	0.69	0.72	0.605	1.35	5.2	4.05	3.8	0	144	441	571	36.6	3.12	4.45	4.49	0.54
BaGa0.08Ti0.92O2.96	74	0.2	0.02	0.19	0.6	12	6	6	2	1.24	4.84	6.61	1.35	2.32	4.1	3.8	0	461	212	571	36.6	11.07	4.47	4.49	0.54
Pb0.5Ca0.5ZrO3	74	0.1	0.1	0.2	0.6	12	12	6	2	1.49	1	0.72	1.35	4.1	2.55	3.45	0	579	468	419	36.6	4.16	6.22	4.63	0.54
Cu0.5Ti0.5NbO4	71.2	0.08	0.08	0.17	0.67	6	6	6	2	0.73	0.605	0.64	1.35	4.45	3.8	4.05	0	166	571	441	36.6	3.01	4.49	4.45	0.54
Co0.5Ti0.5NbO4	64	0.08	0.08	0.17	0.67	6	6	6	2	0.65	0.605	0.64	1.35	5.1	3.8	4.05	0	125	571	441	36.6	3.01	4.49	4.45	0.54
Pb2Ta1.5Nb0.5O7	64	0.18	0.14	0.05	0.64	6	6	6	2	1.19	0.68	0.64	1.35	4.1	4.05	4.05	0	579	444	441	36.6	4.16	2.47	4.45	0.54
Nd0.5Ti0.5NbO4	60.6	0.08	0.08	0.17	0.67	6	6	6	2	1.29	0.605	0.64	1.35	3.19	3.8	4.05	0	252	571	441	36.6	9.38	4.49	4.45	0.54
Ba(Ti0.85Mn0.15)O3	60	0.2	0.17	0.03	0.6	12	6	6	2	1.24	6.61	7.55	1.35	2.32	3.8	4.45	0	461	571	93	36.6	11.07	4.49	3.48	0.54
Ni0.5Ti0.5NbO4	56.8	0.08	0.08	0.17	0.67	6	6	6	2	0.69	0.605	0.64	1.35	5.2	3.8	4.05	0	144	571	441	36.6	3.12	4.49	4.45	0.54
(Zn0.33Ta0.67)0.7Ti0.3O2	55.3	0.08	0.16	0.1	0.67	6	6	6	2	0.74	0.923	0.605	1.35	4.1	4.05	3.8	0	189	444	571	36.6	2.24	2.47	4.49	0.54
Ba3Ti4Nb4O21	55	0.09	0.12	0.12	0.66	12	6	6	2	1.61	0.605	0.64	1.35	2.32	3.8	4.05	0	461	571	441	36.6	11.07	4.49	4.45	0.54
CeTiNbO6	54	0.11	0.11	0.11	0.67	8	6	6	2	1.143	0.745	0.64	1.35	3.18	3.8	4.05	0	219	571	441	36.6	10.35	4.49	4.45	0.54
PrTiNbO6	53	0.11	0.11	0.11	0.67	6	6	6	2	0.99	0.605	0.64	1.35	3.19	3.8	4.05	0	236	571	441	36.6	9.92	4.49	4.45	0.54
(Li0.5Sm0.5)TiO3	52	0.1	0.1	0.2	0.6	12	12	6	2	0.92	0.958	0.605	1.35	2.85	3.2	3.8	0	1.96	284	571	36.6	9.1	8.62	4.49	0.54
NdTiNbO6	52	0.11	0.11	0.11	0.67	6	6	6	2	0.983	0.605	0.64	1.35	3.19	3.8	4.05	0	252	571	441	36.6	9.38	4.49	4.45	0.54
Bi2(Zn0.33Ta0.67)2O7	51.8	0.18	0.06	0.12	0.64	6	4	4	2	1.06	0.6	0.64	1.35	4.15	4.1	4.05	0	596	189	444	36.6	4.04	2.24	2.47	0.54
Ba3Sr2Nb4O15	51	0.12	0.08	0.17	0.62	12	12	6	2	1.61	1.44	0.64	1.35	2.32	2.4	4.05	0	461	373	441	36.6	11.07	7.6	4.45	0.54
Ba2Sr3Nb4O15	50	0.08	0.12	0.17	0.62	12	12	6	2	1.61	1.44	0.64	1.35	2.32	2.4	4.05	0	461	373	441	36.6	11.07	7.6	4.45	0.54
Ca(Zr0.8Ti0.2)O3	49	0.2	0.16	0.04	0.6	12	6	6	2	1.4	0.86	6.61	1.35	2.55	3.45	3.8	0	468	419	571	36.6	6.22	4.63	4.49	0.54
Ca2Zn4Ti16O38	48.4	0.03	0.07	0.27	0.63	12	6	7.5	2	1.34	0.74	0.605	1.35	2.55	4.1	3.8	0	468	189	571	36.6	6.22	2.24	4.49	0.54
Ba4SrNb4O15	48	0.17	0.04	0.17	0.62	12	12	6	2	1.61	1.44	0.64	1.35	2.32	2.4	4.05	0	461	373	441	36.6	11.07	7.6	4.45	0.54
Ba3Ti4Ta4O21	48	0.09	0.12	0.12	0.66	13	6	6	2	1.61	0.745	0.64	1.35	2.32	3.8	4.05	0	461	571	444	36.6	11.07	4.49	2.47	0.54
TiFeNbO6	47.2	0.11	0.11	0.11	0.67	6	6	6	2	0.605	0.55	0.64	1.35	3.8	4.93	4.05	0	571	108	441	36.6	4.49	3.07	4.45	0.54
Ba2La4Ti5O18	46	0.07	0.14	0.17	0.62	12	12	6	2	1.61	1.36	0.605	1.35	2.32	3.17	3.8	0	461	202	571	36.6	11.07	8.68	4.49	0.54
CeTiTaO6	46	0.11	0.11	0.11	0.67	9	6	6	2	1.196	0.745	0.64	1.35	3.18	3.8	4.05	0	219	571	444	36.6	10.35	4.49	2.47	0.54
La3Ti2TaO11	46	0.18	0.12	0.06	0.65	4.5	4	4	2	1.032	0.42	0.64	1.35	3.17	3.8	4.05	0	202	571	444	36.6	8.68	4.49	2.47	0.54
PrTiTaO6	45.8	0.11	0.11	0.11	0.67	9	6	6	2	1.179	0.745	0.64	1.35	3.19	3.8	4.05	0	236	571	444	36.6	9.92	4.49	2.47	0.54
Ba(Mn0.5Ti0.5)O3	45	0.2	0.1	0.1	0.6	12	6	6	2	1.24	0.67	6.61	1.35	2.32	4.45	3.8	0	461	93	571	36.6	11.07	3.48	4.49	0.54
SmTiNbO6	45	0.11	0.11	0.11	0.67	6	6	6	2	0.958	0.605	0.64	1.35	3.2	3.8	4.05	0	284	571	441	36.6	8.62	4.49	4.45	0.54
BaSr4Nb4O15	45	0.04	0.17	0.17	0.62	12	12	6	2	1.61	1.44	0.64	1.35	2.32	2.4	4.05	0	461	373	441	36.6	11.07	7.6	4.45	0.54
Ca5Nb4TiO17	44.9	0.19	0.15	0.04	0.63	12	6	6	2	1.4	10.42	6.61	1.35	2.55	4.05	3.8	0	468	441	571	36.6	6.22	4.45	4.49	0.54
Sr(Fe0.5Nb0.5)O3	44.9	0.2	0.1	0.1	0.6	12	6	6	2	1.1	3.28	10.42	1.35	2.4	4.93	4.05	0	373	108	441	36.6	7.6	3.07	4.45	0.54
Ba(Fe0.5Nb0.5)O3	44.9	0.2	0.1	0.1	0.6	12	6	6	2	1.24	3.28	10.42	1.35	2.32	4.93	4.05	0	461	108	441	36.6	11.07	3.07	4.45	0.54
BiNb0.95Sb0.05O4	44.5	0.17	0.16	0.01	0.67	6	6	6	2	1.17	10.42	8.33	1.35	4.15	4.05	4.4	0	596	441	288	36.6	4.04	4.45	2.37	0.54
Ba(Pr0.5Nb0.5)O3	44.5	0.2	0.1	0.1	0.6	12	6	6	2	1.24	1.13	10.42	1.35	2.32	3.19	4.05	0	461	236	441	36.6	11.07	9.92	4.45	0.54
BaLa4Ti5O15	44.4	0.04	0.16	0.2	0.6	12	6	6	2	1.61	1.032	0.605	1.35	2.32	3.17	3.8	0	461	202	571	36.6	11.07	8.68	4.49	0.54
Ba8Nb4Ti3O24	44.1	0.21	0.1	0.08	0.62	12	6	6	2	1.61	0.64	0.605	1.35	2.32	4.05	3.8	0	461	441	571	36.6	11.07	4.45	4.49	0.54
SrLa4Ti5O15	44	0.04	0.16	0.2	0.6	6	6	6	2	1.18	1.032	0.605	1.35	2.4	3.17	3.8	0	373	202	571	36.6	7.6	8.68	4.49	0.54
SrLa4Ti4O15	43.8	0.04	0.17	0.17	0.62	12	12	6	2	1.58	1.5	0.605	1.35	2.4	3.17	3.8	0	373	202	571	36.6	7.6	8.68	4.49	0.54
Ba11Nb8TiO33	43.5	0.21	0.15	0.02	0.62	12	6	6	2	1.61	0.64	0.605	1.35	2.32	4.05	3.8	0	461	441	571	36.6	11.07	4.45	4.49	0.54
Ba3LaNb3O12	43.5	0.16	0.05	0.16	0.63	12	12	6	2	1.61	1.36	0.64	1.35	2.32	3.17	4.05	0	461	202	441	36.6	11.07	8.68	4.45	0.54
NdTiTaO6	43.1	0.11	0.11	0.11	0.67	9	6	6	2	1.179	0.745	0.64	1.35	3.19	3.8	4.05	0	252	571	444	36.6	9.38	4.49	2.47	0.54
Ba6Nb4TiO18	43	0.21	0.14	0.03	0.62	12	6	6	2	1.61	0.64	0.605	1.35	2.32	4.05	3.8	0	461	441	571	36.6	11.07	4.45	4.49	0.54
Sr6Nb4TiO18	43	0.21	0.14	0.03	0.62	12	6	6	2	1.58	0.64	0.605	1.35	2.4	4.05	3.8	0	373	441	571	36.6	7.6	4.45	4.49	0.54
Ba16Nb12TiO48	42.9	0.21	0.16	0.01	0.62	12	6	6	2	1.61	0.64	0.605	1.35	2.32	4.05	3.8	0	461	441	571	36.6	11.07	4.45	4.49	0.54
Ba21Nb16TiO63	42.7	0.21	0.16	0.01	0.62	12	6	6	2	1.61	0.64	0.605	1.35	2.32	4.05	3.8	0	461	441	571	36.6	11.07	4.45	4.49	0.54
Ba11TiNb8O33	42.3	0.21	0.02	0.15	0.62	12	6	6	2	1.61	0.605	0.64	1.35	2.32	3.8	4.05	0	461	571	441	36.6	11.07	4.49	4.45	0.54
Nd(W0.5Ti1.5)O6	42	0.11	0.06	0.17	0.67	12	6	6	2	1.29	0.74	6.61	1.35	3.19	4.8	3.8	0	252	458	571	36.6	9.38	2.4	4.49	0.54
Ba(Nd0.5Nb0.5)O3	41.9	0.2	0.1	0.1	0.6	12	6	6	2	1.24	1.123	10.42	1.35	2.32	3.19	4.05	0	461	252	441	36.6	11.07	9.38	4.45	0.54
SmTiTaO6	41.8	0.11	0.11	0.11	0.67	6	6	6	2	0.958	0.605	0.64	1.35	3.2	3.8	4.05	0	284	571	444	36.6	8.62	4.49	2.47	0.54
(LiBi)0.5MoO4	41.7	0.08	0.08	0.17	0.67	8	8	4	2	0.92	1.17	0.59	1.35	2.85	4.15	4.65	0	1.96	596	163	36.6	9.1	4.04	4.08	0.54
EuTiTaO6	41.3	0.11	0.11	0.11	0.67	6	6	6	2	0.947	0.605	0.64	1.35	3.2	3.8	4.05	0	299	571	444	36.6	8.38	4.49	2.47	0.54
CaLa4Ti5O15	41.1	0.04	0.16	0.2	0.6	12	12	6	2	1.34	1.032	0.605	1.35	2.55	3.17	3.8	0	468	202	571	36.6	6.22	8.68	4.49	0.54
Ba(Zn0.33Nb0.67)O3	41	0.2	0.07	0.13	0.6	12	6	6	2	1.24	0.88	10.42	1.35	2.32	4.1	4.05	0	461	189	441	36.6	11.07	2.24	4.45	0.54
(Ti0.8Sn0.2)Te3O8	41	0.07	0.02	0.25	0.67	6	6	12	2	0.86	0.83	1.11	1.35	3.8	4.15	0	0	571	662	707	36.6	4.49	3.02	2.22	0.54
Bi0.95Sm0.05NbO4	41	0.16	0.01	0.17	0.67	6	6	6	2	1.17	1.098	10.42	1.35	4.15	3.2	4.05	0	596	284	441	36.6	4.04	8.62	4.45	0.54
BiNb0.6Sb0.4O4	40.7	0.17	0.1	0.07	0.67	6	6	6	2	1.17	10.42	8.33	1.35	4.15	4.05	4.4	0	596	441	288	36.6	4.04	4.45	2.37	0.54
Ca5Ta4TiO17	40.1	0.19	0.15	0.04	0.63	12	6	6	2	1.4	0.78	6.61	1.35	2.55	4.05	3.8	0	468	444	571	36.6	6.22	2.47	4.49	0.54
Ba(Gd0.5Nb0.5)O3	40	0.2	0.1	0.1	0.6	12	6	6	2	1.24	5.63	10.42	1.35	2.32	3.2	4.05	0	461	314	441	36.6	11.07	7.78	4.45	0.54
Ba(Eu0.5Nb0.5)O3	40	0.2	0.1	0.1	0.6	12	6	6	2	1.24	3.17	10.42	1.35	2.32	3.2	4.05	0	461	299	441	36.6	11.07	8.38	4.45	0.54
Sr(Zn0.33Nb0.67)O3	40	0.2	0.07	0.13	0.6	12	6	6	2	1.44	0.88	10.42	1.35	2.4	4.1	4.05	0	373	189	441	36.6	7.6	2.24	4.45	0.54
Bi(V0.008Nb0.992)O4	40	0.17	0	0.17	0.67	6	6	6	2	1.17	0.68	10.42	1.35	4.15	4.25	4.05	0	596	68.4	441	36.6	4.04	4.48	4.45	0.54
Ba(Sm0.5Nb0.5)O3	39.7	0.2	0.1	0.1	0.6	12	6	6	2	1.24	1.098	10.42	1.35	2.32	3.2	4.05	0	461	284	441	36.6	11.07	8.62	4.45	0.54
Ba(Ho0.5Ta0.5)O3	39.6	0.2	0.1	0.1	0.6	12	6	6	2	1.24	3.33	7.81	1.35	2.32	3.22	4.05	0	461	359	444	36.6	11.07	7.58	2.47	0.54
Sm(W0.5Ti1.5)O6	39.4	0.11	0.06	0.17	0.67	12	6	6	2	1.32	0.74	6.61	1.35	3.2	4.8	3.8	0	284	458	571	36.6	8.62	2.4	4.49	0.54
Sr2La4Ti5O18	39.2	0.07	0.14	0.17	0.62	12	12	6	2	1.58	1.5	0.605	1.35	2.4	3.17	3.8	0	373	202	571	36.6	7.6	8.68	4.49	0.54
Sr1.6Ca0.4TiO4	39.2	0.23	0.06	0.14	0.57	9	9	6	2	1.31	1.18	0.605	1.35	2.4	2.55	3.8	0	373	468	571	36.6	7.6	6.22	4.49	0.54
Ba(Tb0.5Nb0.5)O3	39	0.2	0.1	0.1	0.6	12	6	6	2	1.24	1.063	10.42	1.35	2.32	3.21	4.05	0	461	329	441	36.6	11.07	7.91	4.45	0.54
Ba(Mn0.33Nb0.67)O3	39	0.2	0.07	0.13	0.6	12	6	6	2	1.24	0.81	10.42	1.35	2.32	4.45	4.05	0	461	93	441	36.6	11.07	3.48	4.45	0.54
Ba(Dy0.5Nb0.5)O3	38.9	0.2	0.1	0.1	0.6	12	6	6	2	1.24	1.87	10.42	1.35	2.32	3.21	4.05	0	461	344	441	36.6	11.07	7.74	4.45	0.54
Eu(W0.5Ti1.5)O6	38.6	0.11	0.06	0.17	0.67	6	6	6	2	1.206	0.74	6.61	1.35	3.2	4.8	3.8	0	299	458	571	36.6	8.38	2.4	4.49	0.54
Ba(Pr0.5Ta0.5)O3	38.5	0.2	0.1	0.1	0.6	12	6	6	2	1.24	1.13	7.81	1.35	2.32	3.19	4.05	0	461	236	444	36.6	11.07	9.92	2.47	0.54
Ba(Ho0.5Nb0.5)O3	38	0.2	0.1	0.1	0.6	12	6	6	2	1.24	3.33	10.42	1.35	2.32	3.22	4.05	0	461	359	441	36.6	11.07	7.58	4.45	0.54
Sr(Pr0.5Nb0.5)O3	38	0.2	0.1	0.1	0.6	12	6	6	2	1.44	1.13	10.42	1.35	2.4	3.19	4.05	0	373	236	441	36.6	7.6	9.92	4.45	0.54
Ba2Ti3Nb4O18	38	0.07	0.11	0.15	0.67	12	6	6	2	1.61	0.745	0.64	1.35	2.32	3.8	4.05	0	461	571	441	36.6	11.07	4.49	4.45	0.54
Gd(W0.5Ti1.5)O6	37.9	0.11	0.06	0.17	0.67	12	6	6	2	1.25	0.74	6.61	1.35	3.2	4.8	3.8	0	314	458	571	36.6	7.78	2.4	4.49	0.54
GdTiTaO6	37.9	0.11	0.11	0.11	0.67	6	6	6	2	0.938	0.605	0.64	1.35	3.2	3.8	4.05	0	314	571	444	36.6	7.78	4.49	2.47	0.54
La6ZnTi4O18	37.7	0.21	0.03	0.14	0.62	12	6	6	2	1.36	0.74	0.605	1.35	3.17	4.1	3.8	0	202	189	571	36.6	8.68	2.24	4.49	0.54
Ba(La0.5Nb0.5)O3	37.4	0.2	0.1	0.1	0.6	12	6	6	2	1.24	1.172	10.42	1.35	2.32	3.17	4.05	0	461	202	441	36.6	11.07	8.68	4.45	0.54
Zn0.5Ti0.5NbO4	37.4	0.08	0.08	0.17	0.67	12	6	6	2	0.9	0.745	10.42	1.35	4.1	3.8	4.05	0	189	571	441	36.6	2.24	4.49	4.45	0.54
Ba(In0.5Ta0.5)O3	37.2	0.2	0.1	0.1	0.6	12	6	6	2	1.24	3.75	7.81	1.35	2.32	3.9	4.05	0	461	638	444	36.6	11.07	5.01	2.47	0.54
Ba3Ti5Nb6O28	37	0.07	0.12	0.14	0.67	12	6	6	2	1.24	0.745	10.42	1.35	2.32	3.8	4.05	0	461	571	441	36.6	11.07	4.49	4.45	0.54
Ba8Li2Nb6O24	37	0.2	0.05	0.15	0.6	12	6	6	2	1.24	0.9	10.42	1.35	2.32	2.85	4.05	0	461	1.96	441	36.6	11.07	9.1	4.45	0.54
Ba(Eu0.5Ta0.5)O3	37	0.2	0.1	0.1	0.6	12	6	6	2	1.24	3.17	7.81	1.35	2.32	3.2	4.05	0	461	299	444	36.6	11.07	8.38	2.47	0.54
Ba(Y0.5Nb0.5)O3	37	0.2	0.1	0.1	0.6	12	6	6	2	1.24	1.04	10.42	1.35	2.32	3.2	4.05	0	461	396	441	36.6	11.07	5.57	4.45	0.54
(KBi)0.5MoO4	37	0.08	0.08	0.17	0.67	8	8	4	2	1.51	1.17	0.59	1.35	2.25	4.15	4.65	0	417	596	163	36.6	19.69	4.04	4.08	0.54
Ca(Fe0.5Nb0.5)O3	36.8	0.2	0.1	0.1	0.6	12	6	6	2	1.4	3.28	10.42	1.35	2.55	4.93	4.05	0	468	108	441	36.6	6.22	3.07	4.45	0.54
Ba3LaTa3O12	36.8	0.16	0.05	0.16	0.63	12	12	6	2	1.61	1.36	0.64	1.35	2.32	3.17	4.05	0	461	202	444	36.6	11.07	8.68	2.47	0.54
TbTiTaO6	36.8	0.11	0.11	0.11	0.67	9	6	6	2	1.095	0.745	0.64	1.35	3.21	3.8	4.05	0	329	571	444	36.6	7.91	4.49	2.47	0.54
La5Zn0.5Ti3.5O15	36.5	0.21	0.02	0.15	0.62	12	6	6	2	1.36	0.74	0.605	1.35	3.17	4.1	3.8	0	202	189	571	36.6	8.68	2.24	4.49	0.54
La6MgTi4O18	36.3	0.21	0.03	0.14	0.62	12	6	6	2	1.36	0.72	0.605	1.35	3.17	3.45	3.8	0	202	121	571	36.6	8.68	3.18	4.49	0.54
Sr5NbTa3O15	36.2	0.21	0.04	0.12	0.62	12	6	6	2	1.58	0.64	0.64	1.35	2.4	4.05	4.05	0	373	441	444	36.6	7.6	4.45	2.47	0.54
Ba(Nd0.5Ta0.5)O3	36	0.2	0.1	0.1	0.6	12	6	6	2	1.24	1.123	7.81	1.35	2.32	3.19	4.05	0	461	252	444	36.6	11.07	9.38	2.47	0.54
Ba10Ta7.04Ti1.2O30	36	0.21	0.15	0.02	0.62	12	6	6	2	1.24	0.78	6.61	1.35	2.32	4.05	3.8	0	461	444	571	36.6	11.07	2.47	4.49	0.54
Ba(Gd0.5Ta0.5)O3	36	0.2	0.1	0.1	0.6	12	6	6	2	1.24	3.2	7.81	1.35	2.32	3.2	4.05	0	461	314	444	36.6	11.07	7.78	2.47	0.54
Sr3LaNb3O12	36	0.16	0.05	0.16	0.63	12	12	6	2	1.44	1.36	0.64	1.35	2.4	3.17	4.05	0	373	202	441	36.6	7.6	8.68	4.45	0.54
(Ag0.5Bi0.5)MoO4	35.9	0.08	0.08	0.17	0.67	12	6	6	2	0.78	2.91	10.17	1.35	4.35	4.15	4.65	0	586	596	163	36.6	3.29	4.04	4.08	0.54
Bi(Nb0.7Ta0.3)O4	35.8	0.17	0.12	0.05	0.67	6	6	6	2	1.17	10.42	7.81	1.35	4.15	4.05	4.05	0	596	441	444	36.6	4.04	4.45	2.47	0.54
Ba(Sc0.5Nb0.5)O3	35.7	0.2	0.1	0.1	0.6	12	6	6	2	1.24	0.885	10.42	1.35	2.32	3.25	4.05	0	461	513	441	36.6	11.07	5.09	4.45	0.54
Dy(W0.5Ti1.5)O6	35.6	0.11	0.06	0.17	0.67	12	6	6	2	1.052	0.74	6.61	1.35	3.21	4.8	3.8	0	344	458	571	36.6	7.74	2.4	4.49	0.54
Ba2Sr3Ta4O15	35.2	0.08	0.12	0.17	0.62	12	12	6	2	1.61	1.44	0.64	1.35	2.32	2.4	4.05	0	461	373	444	36.6	11.07	7.6	2.47	0.54
Ca(Zn0.33Nb0.67)O3	35	0.2	0.07	0.13	0.6	12	6	6	2	1.4	0.88	10.42	1.35	2.55	4.1	4.05	0	468	189	441	36.6	6.22	2.24	4.45	0.54
Sr(Cr0.5Nb0.5)O3	35	0.2	0.1	0.1	0.6	12	6	6	2	1.44	4.88	10.42	1.35	2.4	4.65	4.05	0	373	79.8	441	36.6	7.6	4.33	4.45	0.54
Sr(Eu0.5Nb0.5)O3	35	0.2	0.1	0.1	0.6	12	6	6	2	1.44	3.17	10.42	1.35	2.4	3.2	4.05	0	373	299	441	36.6	7.6	8.38	4.45	0.54
La5GaTi3O15	35	0.21	0.04	0.12	0.62	12	6	6	2	1.36	0.62	0.605	1.35	3.17	4.1	3.8	0	202	212	571	36.6	8.68	4.47	4.49	0.54
Sr3YNb3O12	34.9	0.16	0.05	0.16	0.63	12	6	6	2	1.44	1.04	10.42	1.35	2.4	3.2	4.05	0	373	396	441	36.6	7.6	5.57	4.45	0.54
DyTiTaO6	34.6	0.11	0.11	0.11	0.67	12	6	6	2	1.052	0.745	7.81	1.35	3.21	3.8	4.05	0	344	571	444	36.6	7.74	4.49	2.47	0.54
(NaBi)0.5MoO4	34.4	0.08	0.08	0.17	0.67	12	6	6	2	1.39	2.91	10.17	1.35	2.7	4.15	4.65	0	95.3	596	163	36.6	11.8	4.04	4.08	0.54
Ba3Sr2Ta4O15	34.3	0.12	0.08	0.17	0.62	12	6	6	2	1.24	1.32	7.81	1.35	2.32	2.4	4.05	0	461	373	444	36.6	11.07	7.6	2.47	0.54
Ba(Sm0.5Ta0.5)O3	34.3	0.2	0.1	0.1	0.6	12	6	6	2	1.24	1.098	7.81	1.35	2.32	3.2	4.05	0	461	284	444	36.6	11.07	8.62	2.47	0.54
Zn0.89Co0.11Ta2O6	34.3	0.1	0.01	0.22	0.67	12	6	6	2	0.9	2.99	7.81	1.35	4.1	5.1	4.05	0	189	125	444	36.6	2.24	3.01	2.47	0.54
Ba8Ta4Ti3O24	34.2	0.21	0.1	0.08	0.62	12	6	6	2	1.24	0.78	6.61	1.35	2.32	4.05	3.8	0	461	444	571	36.6	11.07	2.47	4.49	0.54
BaTi3.98Sn0.02O9	34.2	0.07	0.28	0	0.64	12	6	6	2	1.24	0.745	5.8	1.35	2.32	3.8	4.15	0	461	571	662	36.6	11.07	4.49	3.02	0.54
Zr0.034Hf0.966TiO4	34.1	0.01	0.16	0.17	0.67	12	6	6	2	0.89	5.63	6.61	1.35	3.45	3.6	3.8	0	419	430	571	36.6	4.63	3.19	4.49	0.54
ZnTiNb2O8	34	0.08	0.08	0.17	0.67	12	6	6	2	0.9	0.745	10.42	1.35	4.1	3.8	4.05	0	189	571	441	36.6	2.24	4.49	4.45	0.54
La5Mg0.5Ti3.5O15	34	0.21	0.02	0.15	0.62	12	6	6	2	1.5	0.86	6.61	1.35	3.17	3.45	3.8	0	202	121	571	36.6	8.68	3.18	4.49	0.54
Ba(Dy0.5Ta0.5)O3	34	0.2	0.1	0.1	0.6	12	6	6	2	1.24	1.87	7.81	1.35	2.32	3.21	4.05	0	461	344	444	36.6	11.07	7.74	2.47	0.54
Sr(Gd0.5Nb0.5)O3	34	0.2	0.1	0.1	0.6	12	6	6	2	1.44	3.2	10.42	1.35	2.4	3.2	4.05	0	373	314	441	36.6	7.6	7.78	4.45	0.54
Sr(Tb0.5Nb0.5)O3	34	0.2	0.1	0.1	0.6	12	6	6	2	1.44	1.063	10.42	1.35	2.4	3.21	4.05	0	373	329	441	36.6	7.6	7.91	4.45	0.54
(Bi0.9Nd0.1)2Mo2O9	33.9	0.14	0.02	0.15	0.69	6	6	4	2	1.06	0.983	0.59	1.35	4.15	3.19	4.65	0	596	252	163	36.6	4.04	9.38	4.08	0.54
SrLi2Ti6O14	33.6	0.04	0.09	0.26	0.61	11	8	6	2	1.4	0.92	0.605	1.35	2.4	2.85	3.8	0	373	1.96	571	36.6	7.6	9.1	4.49	0.54
La5CrTi3O15	33.2	0.21	0.04	0.12	0.62	12	6	6	2	1.36	0.615	0.605	1.35	3.17	4.65	3.8	0	202	79.8	571	36.6	8.68	4.33	4.49	0.54
Sr5Nb2Ta2O15	33.2	0.21	0.08	0.08	0.62	12	6	6	2	1.58	0.64	0.64	1.35	2.4	4.05	4.05	0	373	441	444	36.6	7.6	4.45	2.47	0.54
Sr(Dy0.5Nb0.5)O3	33	0.2	0.1	0.1	0.6	12	6	6	2	1.44	1.87	10.42	1.35	2.4	3.21	4.05	0	373	344	441	36.6	7.6	7.74	4.45	0.54
(Bi0.8La0.2)2Mo2O9	32.7	0.12	0.03	0.15	0.69	6	6	4	2	1.06	1.032	0.59	1.35	4.15	3.17	4.65	0	596	202	163	36.6	4.04	8.68	4.08	0.54
Mg0.9Ba0.1TiO3	32.67	0.18	0.02	0.2	0.6	12	12	6	2	0.89	0.35	0.605	1.35	3.45	2.32	3.8	0	121	461	571	36.6	3.18	11.07	4.49	0.54
Ba6Nb4ZrO18	32.4	0.21	0.14	0.03	0.62	12	6	6	2	1.61	0.64	0.72	1.35	2.32	4.05	3.45	0	461	441	419	36.6	11.07	4.45	4.63	0.54
Ba5NbTa3O15	32.2	0.21	0.04	0.12	0.62	12	6	6	2	1.61	0.64	0.64	1.35	2.32	4.05	4.05	0	461	441	444	36.6	11.07	4.45	2.47	0.54
Ba(Mn0.33Ta0.67)O3	32	0.2	0.07	0.13	0.6	12	6	6	2	1.24	0.47	7.81	1.35	2.32	4.45	4.05	0	461	93	444	36.6	11.07	3.48	2.47	0.54
Ba(Co0.33Nb0.67)O3	32	0.2	0.07	0.13	0.6	12	6	6	2	1.24	2.99	10.42	1.35	2.32	5.1	4.05	0	461	125	441	36.6	11.07	3.01	4.45	0.54
Ca(Er0.5Nb0.5)O3	32	0.2	0.1	0.1	0.6	12	6	6	2	1.4	3.37	10.42	1.35	2.55	3.22	4.05	0	468	373	441	36.6	6.22	7.46	4.45	0.54
Ca(Dy0.5Nb0.5)O3	32	0.2	0.1	0.1	0.6	12	6	6	2	1.4	1.87	10.42	1.35	2.55	3.21	4.05	0	468	344	441	36.6	6.22	7.74	4.45	0.54
Sr(Pr0.5Ta0.5)O3	32	0.2	0.1	0.1	0.6	12	6	6	2	1.44	1.13	7.81	1.35	2.4	3.19	4.05	0	373	236	444	36.6	7.6	9.92	2.47	0.54
Sr(Ho0.5Nb0.5)O3	32	0.2	0.1	0.1	0.6	12	6	6	2	1.44	3.33	10.42	1.35	2.4	3.22	4.05	0	373	359	441	36.6	7.6	7.58	4.45	0.54
Sr(Y0.5Nb0.5)O3	32	0.2	0.1	0.1	0.6	12	6	6	2	1.44	1.04	10.42	1.35	2.4	3.2	4.05	0	373	396	441	36.6	7.6	5.57	4.45	0.54
Sr(Er0.5Nb0.5)O3	32	0.2	0.1	0.1	0.6	12	6	6	2	1.44	3.37	10.42	1.35	2.4	3.22	4.05	0	373	373	441	36.6	7.6	7.46	4.45	0.54
Ba(Cd0.33Ta0.67)O3	32	0.2	0.07	0.13	0.6	12	6	6	2	1.24	2.11	7.81	1.35	2.32	4.05	4.05	0	461	613	444	36.6	11.07	2.54	2.47	0.54
EuTiNbO6	32	0.11	0.11	0.11	0.67	6	6	6	2	0.947	0.605	0.64	1.35	3.2	3.8	4.05	0	299	571	441	36.6	8.38	4.49	4.45	0.54
La6Mg0.913Ti4.04O18	32	0.21	0.03	0.14	0.62	12	6	6	2	1.36	0.72	0.605	1.35	3.17	3.45	3.8	0	202	121	571	36.6	8.68	3.18	4.49	0.54
BaNb2P2O11	31.8	0.06	0.12	0.12	0.69	12	6	6	2	1.24	10.42	13.16	1.35	2.32	4.05	5.55	0	461	441	229	36.6	11.07	4.45	1.34	0.54
Sr(Sm0.5Nb0.5)O3	31.8	0.2	0.1	0.1	0.6	12	6	6	2	1.44	1.098	10.42	1.35	2.4	3.2	4.05	0	373	284	441	36.6	7.6	8.62	4.45	0.54
BaLi2Ti6O14	31.7	0.04	0.09	0.26	0.61	12	6	6	2	1.24	0.9	6.61	1.35	2.32	2.85	3.8	0	461	1.96	571	36.6	11.07	9.1	4.49	0.54
BaSr4Ta4O15	31.7	0.04	0.17	0.17	0.62	12	6	6	2	1.24	1.32	7.81	1.35	2.32	2.4	4.05	0	461	373	444	36.6	11.07	7.6	2.47	0.54
Nd(Zn0.5Ti0.5)O3	31.6	0.2	0.1	0.1	0.6	12	6	6	2	1.29	0.88	6.61	1.35	3.19	4.1	3.8	0	252	189	571	36.6	9.38	2.24	4.49	0.54
Nd(Zr0.33Ti0.67)O3	31.4	0.2	0.07	0.13	0.6	12	6	6	2	1.29	0.86	6.61	1.35	3.19	3.45	3.8	0	252	419	571	36.6	9.38	4.63	4.49	0.54
Mg4La2Ti5O17	31	0.14	0.07	0.18	0.61	12	6	6	2	1.1	1.172	6.61	1.35	3.45	3.17	3.8	0	121	202	571	36.6	3.18	8.68	4.49	0.54
Sm(Zn0.5Ti0.5)O3	31	0.2	0.1	0.1	0.6	12	6	6	2	1.32	0.88	6.61	1.35	3.2	4.1	3.8	0	284	189	571	36.6	8.62	2.24	4.49	0.54
Ca(Y0.5Nb0.5)O3	31	0.2	0.1	0.1	0.6	12	6	6	2	1.4	1.04	10.42	1.35	2.55	3.2	4.05	0	468	396	441	36.6	6.22	5.57	4.45	0.54
Ba(Ni0.33Nb0.67)O3	31	0.2	0.07	0.13	0.6	12	6	6	2	1.24	0.83	10.42	1.35	2.32	5.2	4.05	0	461	144	441	36.6	11.07	3.12	4.45	0.54
Ba(Mg0.33Nb0.67)O3	31	0.2	0.07	0.13	0.6	12	6	6	2	1.24	0.86	10.42	1.35	2.32	3.45	4.05	0	461	121	441	36.6	11.07	3.18	4.45	0.54
(Zn0.5Co0.5)TiO3	31	0.1	0.1	0.2	0.6	12	12	6	2	0.9	0.65	0.605	1.35	4.1	5.1	3.8	0	189	125	571	36.6	2.24	3.01	4.49	0.54
Li0.774Zr0.057NbO3	30.9	0.16	0.01	0.21	0.62	8	6	6	2	1.06	0.86	10.42	1.35	2.85	3.45	4.05	0	1.96	419	441	36.6	9.1	4.63	4.45	0.54
Mg0.95Co0.05Ta2O6	30.7	0.11	0.01	0.22	0.67	12	6	6	2	1.1	2.99	7.81	1.35	3.45	5.1	4.05	0	121	125	444	36.6	3.18	3.01	2.47	0.54
Ca(Fe0.5Ta0.5)O3	30.7	0.2	0.1	0.1	0.6	12	6	6	2	1.4	3.28	7.81	1.35	2.55	4.93	4.05	0	468	108	444	36.6	6.22	3.07	2.47	0.54
Ba(Y0.5Ta0.5)O3	30.5	0.2	0.1	0.1	0.6	12	6	6	2	1.24	1.04	7.81	1.35	2.32	3.2	4.05	0	461	396	444	36.6	11.07	5.57	2.47	0.54
Sr(Al0.5Nb0.5)O3	30.5	0.2	0.1	0.1	0.6	12	6	6	2	1.44	5.61	10.42	1.35	2.4	4.2	4.05	0	373	152	441	36.6	7.6	5.23	4.45	0.54
Ba8ZnTa6O24	30.5	0.21	0.03	0.15	0.62	12	6	6	2	1.61	0.74	0.64	1.35	2.32	4.1	4.05	0	461	189	444	36.6	11.07	2.24	2.47	0.54
(AgBi)0.5MoO4	30.4	0.08	0.08	0.17	0.67	8	8	4	2	1.28	1.17	0.59	1.35	4.35	4.15	4.65	0	586	596	163	36.6	3.29	4.04	4.08	0.54
Ca(Dy0.5Ta0.5)O3	30	0.2	0.1	0.1	0.6	12	6	6	2	1.4	1.87	7.81	1.35	2.55	3.21	4.05	0	468	344	444	36.6	6.22	7.74	2.47	0.54
Ba(Yb0.5Nb0.5)O3	30	0.2	0.1	0.1	0.6	12	6	6	2	1.24	1.008	10.42	1.35	2.32	3.22	4.05	0	461	401	441	36.6	11.07	7.26	4.45	0.54
Ba(Ca0.33Ta0.67)O3	30	0.2	0.07	0.13	0.6	12	6	6	2	1.24	2	7.81	1.35	2.32	2.55	4.05	0	461	468	444	36.6	11.07	6.22	2.47	0.54
Sr(Eu0.5Ta0.5)O3	30	0.2	0.1	0.1	0.6	12	6	6	2	1.44	3.17	7.81	1.35	2.4	3.2	4.05	0	373	299	444	36.6	7.6	8.38	2.47	0.54
Sr(Gd0.5Ta0.5)O3	30	0.2	0.1	0.1	0.6	12	6	6	2	1.44	3.2	7.81	1.35	2.4	3.2	4.05	0	373	314	444	36.6	7.6	7.78	2.47	0.54
BaZn1.95Ti4O10.95	30	0.06	0.11	0.22	0.61	12	6	6	2	1.24	0.88	6.61	1.35	2.32	4.1	3.8	0	461	189	571	36.6	11.07	2.24	4.49	0.54
Ba3YNb3O12	29.9	0.16	0.05	0.16	0.63	12	6	6	2	1.24	1.04	10.42	1.35	2.32	3.2	4.05	0	461	396	441	36.6	11.07	5.57	4.45	0.54
Mg0.93Co0.07Ta2O6	29.8	0.1	0.01	0.22	0.67	12	6	6	2	1.1	2.99	7.81	1.35	3.45	5.1	4.05	0	121	125	444	36.6	3.18	3.01	2.47	0.54
Sr(Nd0.5Nb0.5)O3	29.7	0.2	0.1	0.1	0.6	12	6	6	2	1.44	1.123	10.42	1.35	2.4	3.19	4.05	0	373	252	441	36.6	7.6	9.38	4.45	0.54
Ba10Co0.25Ta7.9O30	29.7	0.21	0.01	0.16	0.62	12	6	6	2	1.24	2.99	7.81	1.35	2.32	5.1	4.05	0	461	125	444	36.6	11.07	3.01	2.47	0.54
Ca(In0.5Nb0.5)O3	29.6	0.2	0.1	0.1	0.6	12	6	6	2	1.4	3.75	10.42	1.35	2.55	3.9	4.05	0	468	638	441	36.6	6.22	5.01	4.45	0.54
ZnZrNb2O8	29.5	0.08	0.08	0.17	0.67	12	6	6	2	0.9	0.86	10.42	1.35	4.1	3.45	4.05	0	189	419	441	36.6	2.24	4.63	4.45	0.54
Sr(Yb0.5Nb0.5)O3	29.4	0.2	0.1	0.1	0.6	12	6	6	2	1.44	1.008	10.42	1.35	2.4	3.22	4.05	0	373	401	441	36.6	7.6	7.26	4.45	0.54
Ca(Co0.33Nb0.67)O3	29	0.2	0.07	0.13	0.6	12	6	6	2	1.4	2.99	10.42	1.35	2.55	5.1	4.05	0	468	125	441	36.6	6.22	3.01	4.45	0.54
Sr(Tb0.5Ta0.5)O3	29	0.2	0.1	0.1	0.6	12	6	6	2	1.44	1.063	7.81	1.35	2.4	3.21	4.05	0	373	329	444	36.6	7.6	7.91	2.47	0.54
Ba8Ga0.8Ta5.92O24	29	0.21	0.02	0.15	0.62	12	6	6	2	1.24	4.84	7.81	1.35	2.32	4.1	4.05	0	461	212	444	36.6	11.07	4.47	2.47	0.54
CaZr0.985Ti0.015O3	29	0.2	0.2	0	0.6	12	6	6	2	1.4	0.86	6.61	1.35	2.55	3.45	3.8	0	468	419	571	36.6	6.22	4.63	4.49	0.54
Ba8CoTa6O24	29	0.21	0.03	0.15	0.62	12	6	6	2	1.61	0.65	0.64	1.35	2.32	5.1	4.05	0	461	125	444	36.6	11.07	3.01	2.47	0.54
Ba8CuTa6O24	29	0.21	0.03	0.15	0.62	12	6	6	2	1.61	0.73	0.64	1.35	2.32	4.45	4.05	0	461	166	444	36.6	11.07	3.01	2.47	0.54
Li2CoTi3O8	28.9	0.14	0.07	0.21	0.57	8	6	6	2	1.06	2.99	6.61	1.35	2.85	5.1	3.8	0	1.96	125	571	36.6	9.1	3.01	4.49	0.54
Ba8Ta6ZnO24	28.9	0.21	0.15	0.03	0.62	12	6	6	2	1.24	0.78	2.7	1.35	2.32	4.05	4.1	0	461	444	189	36.6	11.07	2.47	2.24	0.54
Mg0.3Co0.7Ta2O6	28.8	0.03	0.08	0.22	0.67	12	6	6	2	1.1	2.99	7.81	1.35	3.45	5.1	4.05	0	121	125	444	36.6	3.18	3.01	2.47	0.54
(Mg0.95Ni0.05)Ta2O6	28.7	0.11	0.01	0.22	0.67	12	6	6	2	1.1	0.83	7.81	1.35	3.45	5.2	4.05	0	121	144	444	36.6	3.18	3.12	2.47	0.54
La2Ti2SiO9	28.3	0.14	0.14	0.07	0.64	12	6	6	2	1.5	0.745	10	1.35	3.17	3.8	4.7	0	202	571	189	36.6	8.68	4.49	2.19	0.54
La(Zn0.5Ti0.5)O3	28.3	0.2	0.1	0.1	0.6	12	6	6	2	1.5	0.88	6.61	1.35	3.17	4.1	3.8	0	202	189	571	36.6	8.68	2.24	4.49	0.54
Ba10Mg0.25Ta7.9O30	28.2	0.21	0.01	0.16	0.62	12	6	6	2	1.61	0.72	0.64	1.35	2.32	3.45	4.05	0	461	121	444	36.6	11.07	3.18	2.47	0.54
La5AlTi3O15	28.1	0.21	0.04	0.12	0.62	12	6	6	2	1.36	0.535	0.605	1.35	3.17	4.2	3.8	0	202	152	571	36.6	8.68	5.23	4.49	0.54
Ba(Tb0.5Ta0.5)O3	28	0.2	0.1	0.1	0.6	12	6	6	2	1.24	1.063	7.81	1.35	2.32	3.21	4.05	0	461	329	444	36.6	11.07	7.91	2.47	0.54
Ca(Mg0.33Nb0.67)O3	28	0.2	0.07	0.13	0.6	12	6	6	2	1.4	0.86	10.42	1.35	2.55	3.45	4.05	0	468	121	441	36.6	6.22	3.18	4.45	0.54
Sr(Zn0.33Ta0.67)O3	28	0.2	0.07	0.13	0.6	12	6	6	2	1.44	0.88	7.81	1.35	2.4	4.1	4.05	0	373	189	444	36.6	7.6	2.24	2.47	0.54
Ba(Zn0.33Ta0.67)O3	28	0.2	0.07	0.13	0.6	12	6	6	2	1.24	0.88	7.81	1.35	2.32	4.1	4.05	0	461	189	444	36.6	11.07	2.24	2.47	0.54
Ca(Ho0.5Ta0.5)O3	28	0.2	0.1	0.1	0.6	12	6	6	2	1.4	3.33	7.81	1.35	2.55	3.22	4.05	0	468	359	444	36.6	6.22	7.58	2.47	0.54
Sr(Dy0.5Ta0.5)O3	28	0.2	0.1	0.1	0.6	12	6	6	2	1.44	1.87	7.81	1.35	2.4	3.21	4.05	0	373	344	444	36.6	7.6	7.74	2.47	0.54
Sr(Ho0.5Ta0.5)O3	28	0.2	0.1	0.1	0.6	12	6	6	2	1.44	3.33	7.81	1.35	2.4	3.22	4.05	0	373	359	444	36.6	7.6	7.58	2.47	0.54
Sr(Y0.5Ta0.5)O3	28	0.2	0.1	0.1	0.6	12	6	6	2	1.44	1.04	7.81	1.35	2.4	3.2	4.05	0	373	396	444	36.6	7.6	5.57	2.47	0.54
Ca(Ca0.33Nb0.67)O3	28	0.2	0.07	0.13	0.6	12	6	6	2	1.4	2	10.42	1.35	2.55	2.55	4.05	0	468	468	441	36.6	6.22	6.22	4.45	0.54
Zn0.4Co0.6TiO3	28	0.08	0.12	0.2	0.6	12	6	6	2	0.9	2.99	6.61	1.35	4.1	5.1	3.8	0	189	125	571	36.6	2.24	3.01	4.49	0.54
Pr(Mg0.5Ti0.5)O3	28	0.2	0.1	0.1	0.6	12	6	6	2	1.2	0.86	6.61	1.35	3.19	3.45	3.8	0	236	121	571	36.6	9.92	3.18	4.49	0.54
Ba8Li2Ta6O24	28	0.2	0.05	0.15	0.6	12	6	6	2	1.61	0.76	0.64	1.35	2.32	2.85	4.05	0	461	1.96	444	36.6	11.07	9.1	2.47	0.54
MgTa1.5Nb0.5O6	27.9	0.11	0.17	0.06	0.67	12	6	6	2	1.1	0.78	10.42	1.35	3.45	4.05	4.05	0	121	444	441	36.6	3.18	2.47	4.45	0.54
Sr(Sm0.5Ta0.5)O3	27.7	0.2	0.1	0.1	0.6	12	6	6	2	1.44	1.098	7.81	1.35	2.4	3.2	4.05	0	373	284	444	36.6	7.6	8.62	2.47	0.54
La(Mg0.5Ti0.5)O3	27.6	0.2	0.1	0.1	0.6	12	6	6	2	1.5	0.86	6.61	1.35	3.17	3.45	3.8	0	202	121	571	36.6	8.68	3.18	4.49	0.54
Ba8Ta6NiO24	27.5	0.21	0.15	0.03	0.62	12	6	6	2	1.24	0.78	2.9	1.35	2.32	4.05	5.2	0	461	444	144	36.6	11.07	2.47	3.12	0.54
Sr(La0.5Nb0.5)O3	27.5	0.2	0.1	0.1	0.6	12	6	6	2	1.44	1.172	10.42	1.35	2.4	3.17	4.05	0	373	202	441	36.6	7.6	8.68	4.45	0.54
Sr(Zn0.5W0.5)O3	27.5	0.2	0.1	0.1	0.6	12	6	6	2	1.44	0.88	14.29	1.35	2.4	4.1	4.8	0	373	189	458	36.6	7.6	2.24	2.4	0.54
MgTa1.4Nb0.6O6	27.3	0.11	0.16	0.07	0.67	12	6	6	2	1.1	0.78	10.42	1.35	3.45	4.05	4.05	0	121	444	441	36.6	3.18	2.47	4.45	0.54
Bi3FeMo2O12	27.2	0.17	0.06	0.11	0.67	6	6	6	2	1.17	3.28	10.17	1.35	4.15	4.93	4.65	0	596	108	163	36.6	4.04	3.07	4.08	0.54
Ca(Gd0.5Ta0.5)O3	27.2	0.2	0.1	0.1	0.6	12	6	6	2	1.4	3.2	7.81	1.35	2.55	3.2	4.05	0	468	314	444	36.6	6.22	7.78	2.47	0.54
Ba(La0.5Ta0.5)O3	27.1	0.2	0.1	0.1	0.6	12	6	6	2	1.24	1.172	7.81	1.35	2.32	3.17	4.05	0	461	202	444	36.6	11.07	8.68	2.47	0.54
Sr(La0.5Ta0.5)O3	27.1	0.2	0.1	0.1	0.6	12	6	6	2	1.44	1.172	7.81	1.35	2.4	3.17	4.05	0	373	202	444	36.6	7.6	8.68	2.47	0.54
Sr(Nd0.5Ta0.5)O3	27.1	0.2	0.1	0.1	0.6	12	6	6	2	1.44	1.123	7.81	1.35	2.4	3.19	4.05	0	373	252	444	36.6	7.6	9.38	2.47	0.54
Ca(Cu0.33Nb0.67)O3	27	0.2	0.07	0.13	0.6	12	6	6	2	1.4	2.74	10.42	1.35	2.55	4.45	4.05	0	468	166	441	36.6	6.22	3.01	4.45	0.54
Sr(Ga0.5Ta0.5)O3	27	0.2	0.1	0.1	0.6	12	6	6	2	1.44	4.84	7.81	1.35	2.4	4.1	4.05	0	373	212	444	36.6	7.6	4.47	2.47	0.54
Ca(Y0.5Ta0.5)O3	27	0.2	0.1	0.1	0.6	12	6	6	2	1.4	1.04	7.81	1.35	2.55	3.2	4.05	0	468	396	444	36.6	6.22	5.57	2.47	0.54
Sr(Er0.5Ta0.5)O3	27	0.2	0.1	0.1	0.6	12	6	6	2	1.44	3.37	7.81	1.35	2.4	3.22	4.05	0	373	373	444	36.6	7.6	7.46	2.47	0.54
Ca(Yb0.5Nb0.5)O3	27	0.2	0.1	0.1	0.6	12	6	6	2	1.4	1.008	10.42	1.35	2.55	3.22	4.05	0	468	401	441	36.6	6.22	7.26	4.45	0.54
Nd(Co0.5Ti0.5)O3	27	0.2	0.1	0.1	0.6	12	6	6	2	1.29	2.99	6.61	1.35	3.19	5.1	3.8	0	252	125	571	36.6	9.38	3.01	4.49	0.54
Bi(Sb0.6Ta0.4)O4	27	0.17	0.1	0.07	0.67	6	6	6	2	1.17	0.8	7.81	1.35	4.15	4.4	4.05	0	596	288	444	36.6	4.04	2.37	2.47	0.54
Ca2AlNbO6	27	0.2	0.1	0.1	0.6	12	6	6	2	1.4	5.61	10.42	1.35	2.55	4.2	4.05	0	468	152	441	36.6	6.22	5.23	4.45	0.54
Ba6Ta4TiO18	27	0.21	0.14	0.03	0.62	12	6	6	2	1.61	0.923	0.605	1.35	2.32	4.05	3.8	0	461	444	571	36.6	11.07	2.47	4.49	0.54
Ba5Nb2Ta2O15	27	0.21	0.08	0.08	0.62	12	6	6	2	1.61	0.64	0.64	1.35	2.32	4.05	4.05	0	461	441	444	36.6	11.07	4.45	2.47	0.54
Ba8NiTa6O24	27	0.21	0.03	0.15	0.62	12	6	6	2	1.61	0.69	0.64	1.35	2.32	5.2	4.05	0	461	144	444	36.6	11.07	3.12	2.47	0.54
Ca(Eu0.5Ta0.5)O3	26.8	0.2	0.1	0.1	0.6	12	6	6	2	1.4	3.17	7.81	1.35	2.55	3.2	4.05	0	468	299	444	36.6	6.22	8.38	2.47	0.54
La(Mg0.67Nb0.33)O3	26.8	0.2	0.13	0.07	0.6	12	6	6	2	1.5	0.86	10.42	1.35	3.17	3.45	4.05	0	202	121	441	36.6	8.68	3.18	4.45	0.54
Ba8Ta6MgO24	26.6	0.21	0.15	0.03	0.62	12	6	6	2	1.24	0.78	2.78	1.35	2.32	4.05	3.45	0	461	444	121	36.6	11.07	2.47	3.18	0.54
LiBiW2O8	26.5	0.08	0.08	0.17	0.67	8	6	6	2	1.06	2.91	14.29	1.35	2.85	4.15	4.8	0	1.96	596	458	36.6	9.1	4.04	2.4	0.54
Ca(Tb0.5Nb0.5)O3	26.5	0.2	0.1	0.1	0.6	12	6	6	2	1.4	1.063	10.42	1.35	2.55	3.21	4.05	0	468	329	441	36.6	6.22	7.91	4.45	0.54
Bi2Te2W3O16	26.3	0.09	0.09	0.13	0.7	9	6	6.5	2	1.34	0.97	0.6	1.35	4.15	0	4.8	0	596	707	458	36.6	4.04	2.22	2.4	0.54
Ca(Ni0.33Nb0.67)O3	26	0.2	0.07	0.13	0.6	12	6	6	2	1.4	0.83	10.42	1.35	2.55	5.2	4.05	0	468	144	441	36.6	6.22	3.12	4.45	0.54
Ca(Er0.5Ta0.5)O3	26	0.2	0.1	0.1	0.6	12	6	6	2	1.4	3.37	7.81	1.35	2.55	3.22	4.05	0	468	373	444	36.6	6.22	7.46	2.47	0.54
Sr(Yb0.5Ta0.5)O3	26	0.2	0.1	0.1	0.6	12	6	6	2	1.44	1.008	7.81	1.35	2.4	3.22	4.05	0	373	401	444	36.6	7.6	7.26	2.47	0.54
Sr(In0.5Nb0.5)O3	26	0.2	0.1	0.1	0.6	12	6	6	2	1.44	3.75	10.42	1.35	2.4	3.9	4.05	0	373	638	441	36.6	7.6	5.01	4.45	0.54
Li2ZnTi3O8	25.6	0.14	0.07	0.21	0.57	6.5	6	7	2	0.76	0.74	0.605	1.35	2.85	4.1	3.8	0	1.96	189	571	36.6	9.1	2.24	4.49	0.54
Sm(Co0.5Ti0.5)O3	25.5	0.2	0.1	0.1	0.6	12	6	6	2	1.32	2.99	6.61	1.35	3.2	5.1	3.8	0	284	125	571	36.6	8.62	3.01	4.49	0.54
Ca(Gd0.5Nb0.5)O3	25.5	0.2	0.1	0.1	0.6	12	6	6	2	1.4	3.2	10.42	1.35	2.55	3.2	4.05	0	468	314	441	36.6	6.22	7.78	4.45	0.54
Ba(Mg0.33Ta0.67)O3	25.1	0.2	0.07	0.13	0.6	12	6	6	2	1.24	0.86	7.81	1.35	2.32	3.45	4.05	0	461	121	444	36.6	11.07	3.18	2.47	0.54
Sm(Mg0.5Ti0.5)O3	25	0.2	0.1	0.1	0.6	12	6	6	2	1.32	0.86	6.61	1.35	3.2	3.45	3.8	0	284	121	571	36.6	8.62	3.18	4.49	0.54
Ba(Co0.33Ta0.67)O3	25	0.2	0.07	0.13	0.6	12	6	6	2	1.24	2.99	7.81	1.35	2.32	5.1	4.05	0	461	125	444	36.6	11.07	3.01	2.47	0.54
Ca(Eu0.5Nb0.5)O3	25	0.2	0.1	0.1	0.6	12	6	6	2	1.4	3.17	10.42	1.35	2.55	3.2	4.05	0	468	299	441	36.6	6.22	8.38	4.45	0.54
Ca(Ga0.5Ta0.5)O3	25	0.2	0.1	0.1	0.6	12	6	6	2	1.4	4.84	7.81	1.35	2.55	4.1	4.05	0	468	212	444	36.6	6.22	4.47	2.47	0.54
Ca(Al0.5Nb0.5)O3	25	0.2	0.1	0.1	0.6	12	6	6	2	1.4	5.61	10.42	1.35	2.55	4.2	4.05	0	468	152	441	36.6	6.22	5.23	4.45	0.54
Ca(Zn0.33Ta0.67)O3	25	0.2	0.07	0.13	0.6	12	6	6	2	1.4	0.88	7.81	1.35	2.55	4.1	4.05	0	468	189	444	36.6	6.22	2.24	2.47	0.54
Sr2AlNbO6	25	0.2	0.1	0.1	0.6	12	6	6	2	1.44	5.61	10.42	1.35	2.4	4.2	4.05	0	373	152	441	36.6	7.6	5.23	4.45	0.54
Mg4Al2Ti9O25	24.7	0.1	0.05	0.23	0.62	12	6	6	2	1.1	5.61	6.61	1.35	3.45	4.2	3.8	0	121	152	571	36.6	3.18	5.23	4.49	0.54
La(Mg0.67Ta0.33)O3	24.7	0.2	0.13	0.07	0.6	12	6	6	2	1.5	0.86	7.81	1.35	3.17	3.45	4.05	0	202	121	444	36.6	8.68	3.18	2.47	0.54
LaTiTaO6	24.4	0.11	0.11	0.11	0.67	12	6	6	2	1.5	0.745	7.81	1.35	3.17	3.8	4.05	0	202	571	444	36.6	8.68	4.49	2.47	0.54
Ca(Pr0.5Nb0.5)O3	24.2	0.2	0.1	0.1	0.6	12	6	6	2	1.4	1.13	10.42	1.35	2.55	3.19	4.05	0	468	236	441	36.6	6.22	9.92	4.45	0.54
Sm2SrZnO5	24.1	0.22	0.11	0.11	0.56	12	6	6	2	1.32	1.32	2.7	1.35	3.2	2.4	4.1	0	284	373	189	36.6	8.62	7.6	2.24	0.54
Ba0.98(Zn0.5W0.5)O2.98	24	0.2	0.1	0.1	0.6	12	6	6	2	1.24	0.88	14.29	1.35	2.32	4.1	4.8	0	461	189	458	36.6	11.07	2.24	2.4	0.54
Ca(In0.5Ta0.5)O3	24	0.2	0.1	0.1	0.6	12	6	6	2	1.4	3.75	7.81	1.35	2.55	3.9	4.05	0	468	638	444	36.6	6.22	5.01	2.47	0.54
Ca(Pr0.5Ta0.5)O3	24	0.2	0.1	0.1	0.6	12	6	6	2	1.4	1.13	7.81	1.35	2.55	3.19	4.05	0	468	236	444	36.6	6.22	9.92	2.47	0.54
Zn(Nb0.94V0.06)2O6	23.9	0.11	0.21	0.01	0.67	12	6	6	2	0.9	10.42	9.26	1.35	4.1	4.05	4.25	0	189	441	68.4	36.6	2.24	4.45	4.48	0.54
HoTiTaO6	23.1	0.11	0.11	0.11	0.67	12	6	6	2	1.26	0.745	7.81	1.35	3.22	3.8	4.05	0	359	571	444	36.6	7.58	4.49	2.47	0.54
Li2MgTi3O8	23	0.14	0.07	0.21	0.57	8	6	6	2	1.06	0.86	6.61	1.35	2.85	3.45	3.8	0	1.96	121	571	36.6	9.1	3.18	4.49	0.54
Ca(Cu0.33Ta0.67)O3	23	0.2	0.07	0.13	0.6	12	6	6	2	1.4	2.74	7.81	1.35	2.55	4.45	4.05	0	468	166	444	36.6	6.22	3.01	2.47	0.54
Ca(Co0.33Ta0.67)O3	23	0.2	0.07	0.13	0.6	12	6	6	2	1.4	2.99	7.81	1.35	2.55	5.1	4.05	0	468	125	444	36.6	6.22	3.01	2.47	0.54
Ba(Zn0.5W0.5)O3	23	0.2	0.1	0.1	0.6	12	6	6	2	1.24	0.88	14.29	1.35	2.32	4.1	4.8	0	461	189	458	36.6	11.07	2.24	2.4	0.54
Sr(Ni0.33Ta0.67)O3	23	0.2	0.07	0.13	0.6	12	6	6	2	1.44	0.83	7.81	1.35	2.4	5.2	4.05	0	373	144	444	36.6	7.6	3.12	2.47	0.54
Sr(Co0.33Ta0.67)O3	23	0.2	0.07	0.13	0.6	12	6	6	2	1.44	2.99	7.81	1.35	2.4	5.1	4.05	0	373	125	444	36.6	7.6	3.01	2.47	0.54
Ba(Ni0.33Ta0.67)O3	23	0.2	0.07	0.13	0.6	12	6	6	2	1.24	0.83	7.81	1.35	2.32	5.2	4.05	0	461	144	444	36.6	11.07	3.12	2.47	0.54
La(Co0.5Ti0.5)O3	23	0.2	0.1	0.1	0.6	12	6	6	2	1.5	2.99	6.61	1.35	3.17	5.1	3.8	0	202	125	571	36.6	8.68	3.01	4.49	0.54
Dy(Mg0.5Ti0.5)O3	23	0.2	0.1	0.1	0.6	12	6	6	2	1.052	0.86	6.61	1.35	3.21	3.45	3.8	0	344	121	571	36.6	7.74	3.18	4.49	0.54
Nd(Mg0.5Ti0.5)O3	23	0.2	0.1	0.1	0.6	12	6	6	2	1.29	0.86	6.61	1.35	3.19	3.45	3.8	0	252	121	571	36.6	9.38	3.18	4.49	0.54
Nd2BaZnO5	22.6	0.22	0.11	0.11	0.56	12	6	6	2	1.29	1.48	2.7	1.35	3.19	2.32	4.1	0	252	461	189	36.6	9.38	11.07	2.24	0.54
Mg0.93Ca0.07TiO3	22.2	0.19	0.01	0.2	0.6	12	6	6	2	1.1	2	6.61	1.35	3.45	2.55	3.8	0	121	468	571	36.6	3.18	6.22	4.49	0.54
Gd(Ti0.5W0.5)O4	22.2	0.17	0.08	0.08	0.67	12	6	6	2	1.25	0.745	14.29	1.35	3.2	3.8	4.8	0	314	571	458	36.6	7.78	4.49	2.4	0.54
Mg0.93Ca0.07TiO3	22.15	0.19	0.01	0.2	0.6	12	6	6	2	1.1	2	6.61	1.35	3.45	2.55	3.8	0	121	468	571	36.6	3.18	6.22	4.49	0.54
YTiTaO6	22.1	0.11	0.11	0.11	0.67	12	6	6	2	1.075	0.745	7.81	1.35	3.2	3.8	4.05	0	396	571	444	36.6	5.57	4.49	2.47	0.54
La3Ti5Al15O37	22.1	0.05	0.08	0.25	0.62	12	6	6	2	1.5	0.745	2.74	1.35	3.17	3.8	4.2	0	202	571	152	36.6	8.68	4.49	5.23	0.54
Ba(Yb0.5Ta0.5)O3	22.1	0.2	0.1	0.1	0.6	12	6	6	2	1.24	1.008	7.81	1.35	2.32	3.22	4.05	0	461	401	444	36.6	11.07	7.26	2.47	0.54
Sr(Mg0.33Ta0.67)O3	22	0.2	0.07	0.13	0.6	12	6	6	2	1.44	0.86	7.81	1.35	2.4	3.45	4.05	0	373	121	444	36.6	7.6	3.18	2.47	0.54
Y(Mg0.5Ti0.5)O3	22	0.2	0.1	0.1	0.6	12	6	6	2	1.075	0.86	6.61	1.35	3.2	3.45	3.8	0	396	121	571	36.6	5.57	3.18	4.49	0.54
(Zn0.3Co0.7)TiO3	22	0.06	0.14	0.2	0.6	12	6	6	2	0.9	2.99	6.61	1.35	4.1	5.1	3.8	0	189	125	571	36.6	2.24	3.01	4.49	0.54
Zn0.5Mg0.5Nb2O6	22	0.06	0.06	0.22	0.67	12	6	6	2	0.9	0.86	10.42	1.35	4.1	3.45	4.05	0	189	121	441	36.6	2.24	3.18	4.45	0.54
Sr(Ca0.33Ta0.67)O3	22	0.2	0.07	0.13	0.6	12	6	6	2	1.44	2	7.81	1.35	2.4	2.55	4.05	0	373	468	444	36.6	7.6	6.22	2.47	0.54
Ca(Ni0.33Ta0.67)O3	22	0.2	0.07	0.13	0.6	12	6	6	2	1.4	0.83	7.81	1.35	2.55	5.2	4.05	0	468	144	444	36.6	6.22	3.12	2.47	0.54
DyTiNbO6	22	0.11	0.11	0.11	0.67	6	6	6	2	1.07	0.605	0.64	1.35	3.21	3.8	4.05	0	344	571	441	36.6	7.74	4.49	4.45	0.54
YbTiNbO6	22	0.11	0.11	0.11	0.67	6	6	6	2	0.868	0.605	0.64	1.35	3.22	3.8	4.05	0	401	571	441	36.6	7.26	4.49	4.45	0.54
(Zn0.7Mg0.3)TiO3	22	0.14	0.06	0.2	0.6	6	6	6	2	0.74	0.72	0.605	1.35	4.1	3.45	3.8	0	189	121	571	36.6	2.24	3.18	4.49	0.54
Sr4AlNbO8	22	0.29	0.07	0.07	0.57	8	6	4	2	1.26	0.535	0.64	1.35	2.4	4.2	4.05	0	373	152	441	36.6	7.6	5.23	4.45	0.54
SrSm2Al2O7	21.6	0.08	0.17	0.17	0.58	12	6	6	2	1.44	1.098	5.61	1.35	2.4	3.2	4.2	0	373	284	152	36.6	7.6	8.62	5.23	0.54
Sm(Ti0.5W0.5)O4	21.5	0.17	0.08	0.08	0.67	12	6	6	2	1.32	0.745	14.29	1.35	3.2	3.8	4.8	0	284	571	458	36.6	8.62	4.49	2.4	0.54
SrNdGaO4	21.4	0.14	0.14	0.14	0.57	12	6	6	2	1.44	1.123	4.84	1.35	2.4	3.19	4.1	0	373	252	212	36.6	7.6	9.38	4.47	0.54
CoLi0.67Ti1.33O4	21.4	0.14	0.1	0.19	0.57	6	6	6	2	0.885	0.9	6.61	1.35	5.1	2.85	3.8	0	125	1.96	571	36.6	3.01	9.1	4.49	0.54
Nd(Ti0.5W0.5)O4	21.3	0.17	0.08	0.08	0.67	12	6	6	2	1.29	0.745	14.29	1.35	3.19	3.8	4.8	0	252	571	458	36.6	9.38	4.49	2.4	0.54
SmZrTaO6	21.2	0.11	0.11	0.11	0.67	12	6	6	2	1.32	0.86	7.81	1.35	3.2	3.45	4.05	0	284	419	444	36.6	8.62	4.63	2.47	0.54
Ca(Yb0.5Ta0.5)O3	21.2	0.2	0.1	0.1	0.6	12	6	6	2	1.4	1.008	7.81	1.35	2.55	3.22	4.05	0	468	401	444	36.6	6.22	7.26	2.47	0.54
Sr(Co0.5W0.5)O3	21.2	0.2	0.1	0.1	0.6	12	6	6	2	1.44	2.99	14.29	1.35	2.4	5.1	4.8	0	373	125	458	36.6	7.6	3.01	2.4	0.54
Ca(Mg0.33Ta0.67)O3	21	0.2	0.07	0.13	0.6	12	6	6	2	1.4	0.86	7.81	1.35	2.55	3.45	4.05	0	468	121	444	36.6	6.22	3.18	2.47	0.54
Ba0.95(Zn0.5W0.5)O2.95	21	0.19	0.1	0.1	0.6	12	6	6	2	1.24	0.88	14.29	1.35	2.32	4.1	4.8	0	461	189	458	36.6	11.07	2.24	2.4	0.54
TbTiNbO6	21	0.11	0.11	0.11	0.67	6	6	6	2	0.923	0.605	0.64	1.35	3.21	3.8	4.05	0	329	571	441	36.6	7.91	4.49	4.45	0.54
Ca(Sm0.5Nb0.5)O3	20.9	0.2	0.1	0.1	0.6	12	6	6	2	1.4	1.098	10.42	1.35	2.55	3.2	4.05	0	468	284	441	36.6	6.22	8.62	4.45	0.54
Sr3ZnNb2O9	20.7	0.2	0.07	0.13	0.6	12	6	6	2	1.44	0.88	10.42	1.35	2.4	4.1	4.05	0	373	189	441	36.6	7.6	2.24	4.45	0.54
Ba2SmSbO6	20.7	0.2	0.1	0.1	0.6	12	6	6	2	1.61	0.958	0.6	1.35	2.32	3.2	4.4	0	461	284	288	36.6	11.07	8.62	2.37	0.54
Ca(La0.5Nb0.5)O3	20.6	0.2	0.1	0.1	0.6	12	6	6	2	1.4	1.172	10.42	1.35	2.55	3.17	4.05	0	468	202	441	36.6	6.22	8.68	4.45	0.54
ErTiTaO6	20.6	0.11	0.11	0.11	0.67	6	6	6	2	0.89	0.605	0.64	1.35	3.22	3.8	4.05	0	373	571	444	36.6	7.46	4.49	2.47	0.54
(Li0.5Ce0.5)MoO4	20.6	0.08	0.08	0.17	0.67	8	8	4	2	0.92	1.143	0.59	1.35	2.85	3.18	4.65	0	1.96	219	163	36.6	9.1	10.35	4.08	0.54
SrNd2Al2O7	20.5	0.08	0.17	0.17	0.58	12	6	6	2	1.44	1.123	5.61	1.35	2.4	3.19	4.2	0	373	252	152	36.6	7.6	9.38	5.23	0.54
SrLaGaO4	20.3	0.14	0.14	0.14	0.57	12	6	6	2	1.44	1.172	4.84	1.35	2.4	3.17	4.1	0	373	202	212	36.6	7.6	8.68	4.47	0.54
La2BaZnO5	20.3	0.22	0.11	0.11	0.56	12	6	6	2	1.5	1.48	2.7	1.35	3.17	2.32	4.1	0	202	461	189	36.6	8.68	11.07	2.24	0.54
Pr(Ti0.5W0.5)O4	20.3	0.17	0.08	0.08	0.67	12	6	6	2	1.2	0.745	14.29	1.35	3.19	3.8	4.8	0	236	571	458	36.6	9.92	4.49	2.4	0.54
(Li0.5Nd0.5)MoO4	20.3	0.08	0.08	0.17	0.67	8	6	6	2	1.06	1.123	10.17	1.35	2.85	3.19	4.65	0	1.96	252	163	36.6	9.1	9.38	4.08	0.54
MgLi0.67Ti1.33O4	20.2	0.14	0.1	0.19	0.57	12	6	6	2	1.1	0.9	6.61	1.35	3.45	2.85	3.8	0	121	1.96	571	36.6	3.18	9.1	4.49	0.54
La(MgSn)0.5O3	20.1	0.2	0.1	0.1	0.6	12	6	6	2	1.5	0.86	5.8	1.35	3.17	3.45	4.15	0	202	121	662	36.6	8.68	3.18	3.02	0.54
GdTiNbO6	20	0.11	0.11	0.11	0.67	12	6	6	2	1.25	0.745	10.42	1.35	3.2	3.8	4.05	0	314	571	441	36.6	7.78	4.49	4.45	0.54
Ca(Al0.5Ta0.5)O3	20	0.2	0.1	0.1	0.6	12	6	6	2	1.4	5.61	7.81	1.35	2.55	4.2	4.05	0	468	152	444	36.6	6.22	5.23	2.47	0.54
La0.9Nd0.1NbO4	20	0.15	0.02	0.17	0.67	12	6	6	2	1.5	1.123	10.42	1.35	3.17	3.19	4.05	0	202	252	441	36.6	8.68	9.38	4.45	0.54
Ca(Nd0.5Ta0.5)O3	20	0.2	0.1	0.1	0.6	12	6	6	2	1.4	1.123	7.81	1.35	2.55	3.19	4.05	0	468	252	444	36.6	6.22	9.38	2.47	0.54
Ca(Nd0.5Nb0.5)O3	20	0.2	0.1	0.1	0.6	12	6	6	2	1.4	1.123	10.42	1.35	2.55	3.19	4.05	0	468	252	441	36.6	6.22	9.38	4.45	0.54
Li2.081Ti0.676Nb0.243O3	20	0.35	0.11	0.04	0.5	8	6	6	2	1.06	0.745	10.42	1.35	2.85	3.8	4.05	0	1.96	571	441	36.6	9.1	4.49	4.45	0.54
Ba(Zn0.5W0.5)O3	20	0.2	0.1	0.1	0.6	12	6	6	2	1.24	0.88	14.29	1.35	2.32	4.1	4.8	0	461	189	458	36.6	11.07	2.24	2.4	0.54
(Co0.95Zn0.05)TiO3	20	0.19	0.01	0.2	0.6	6	6	6	2	0.885	0.88	6.61	1.35	5.1	4.1	3.8	0	125	189	571	36.6	3.01	2.24	4.49	0.54
Mg0.95Ca0.05TiO3	20	0.19	0.01	0.2	0.6	12	6	6	2	1.1	2	6.61	1.35	3.45	2.55	3.8	0	121	468	571	36.6	3.18	6.22	4.49	0.54
Dy(Ti0.5W0.5)O4	19.9	0.17	0.08	0.08	0.67	12	6	6	2	1.052	0.745	14.29	1.35	3.21	3.8	4.8	0	344	571	458	36.6	7.74	4.49	2.4	0.54
(Li0.5Sm0.5)MoO4	19.9	0.08	0.08	0.17	0.67	8	6	6	2	1.06	1.098	10.17	1.35	2.85	3.2	4.65	0	1.96	284	163	36.6	9.1	8.62	4.08	0.54
BaNd2CuO5	19.85	0.11	0.22	0.11	0.56	12	6	6	2	1.24	1.123	2.74	1.35	2.32	3.19	4.45	0	461	252	166	36.6	11.07	9.38	3.01	0.54
LiYbW2O8	19.7	0.08	0.08	0.17	0.67	8	6	6	2	1.06	1.008	14.29	1.35	2.85	3.22	4.8	0	1.96	401	458	36.6	9.1	7.26	2.4	0.54
Ca(Sm0.5Ta0.5)O3	19.6	0.2	0.1	0.1	0.6	12	6	6	2	1.4	1.098	7.81	1.35	2.55	3.2	4.05	0	468	284	444	36.6	6.22	8.62	2.47	0.54
Ca(La0.5Ta0.5)O3	19.5	0.2	0.1	0.1	0.6	12	6	6	2	1.4	1.172	7.81	1.35	2.55	3.17	4.05	0	468	202	444	36.6	6.22	8.68	2.47	0.54
(Zn0.95Ni0.05)2TiO4	19.5	0.27	0.01	0.14	0.57	12	6	6	2	0.9	0.83	6.61	1.35	4.1	5.2	3.8	0	189	144	571	36.6	2.24	3.12	4.49	0.54
(Li0.5Gd0.5)MoO4	19.5	0.08	0.08	0.17	0.67	8	6	6	2	1.06	3.2	10.17	1.35	2.85	3.2	4.65	0	1.96	314	163	36.6	9.1	7.78	4.08	0.54
YbTiTaO6	19.3	0.11	0.11	0.11	0.67	12	6	6	2	1.042	0.745	7.81	1.35	3.22	3.8	4.05	0	401	571	444	36.6	7.26	4.49	2.47	0.54
Nd(Mg0.5Sn0.5)O3	19.3	0.2	0.1	0.1	0.6	12	6	6	2	1.29	0.86	5.8	1.35	3.19	3.45	4.15	0	252	121	662	36.6	9.38	3.18	3.02	0.54
Ba(Co0.5W0.5)O3	19.3	0.2	0.1	0.1	0.6	12	6	6	2	1.24	2.99	14.29	1.35	2.32	5.1	4.8	0	461	125	458	36.6	11.07	3.01	2.4	0.54
Y(Ti0.5W0.5)O4	19.3	0.17	0.08	0.08	0.67	12	6	6	2	1.075	0.745	14.29	1.35	3.2	3.8	4.8	0	396	571	458	36.6	5.57	4.49	2.4	0.54
(Nd0.99Mn0.015)1.02Nb0.988O4	19.1	0.17	0	0.16	0.66	12	6	6	2	1.29	0.72	10.42	1.35	3.19	4.45	4.05	0	252	93	441	36.6	9.38	3.48	4.45	0.54
Tb(Ti0.5W0.5)O4	19.1	0.17	0.08	0.08	0.67	12	6	6	2	1.1	0.745	14.29	1.35	3.21	3.8	4.8	0	329	571	458	36.6	7.91	4.49	2.4	0.54
YTiNbO6	19	0.11	0.11	0.11	0.67	12	6	6	2	1.075	0.745	10.42	1.35	3.2	3.8	4.05	0	396	571	441	36.6	5.57	4.49	4.45	0.54
Ca9Sm2W4O24	19	0.23	0.05	0.1	0.62	12	6	6	2	1.4	1.098	14.29	1.35	2.55	3.2	4.8	0	468	284	458	36.6	6.22	8.62	2.4	0.54
(Zn0.95Co0.05)2TiO4	19	0.27	0.01	0.14	0.57	12	6	6	2	0.9	2.99	6.61	1.35	4.1	5.1	3.8	0	189	125	571	36.6	2.24	3.01	4.49	0.54
BaSm2ZnO5	19	0.11	0.22	0.11	0.56	12	6	6	2	1.24	1.098	2.7	1.35	2.32	3.2	4.1	0	461	284	189	36.6	11.07	8.62	2.24	0.54
CaYAlO4	18.9	0.14	0.14	0.14	0.57	12	6	6	2	1.4	1.04	5.61	1.35	2.55	3.2	4.2	0	468	396	152	36.6	6.22	5.57	5.23	0.54
Mg0.95Ni0.05Ti2O5	18.8	0.12	0.01	0.25	0.62	12	6	6	2	1.1	0.83	6.61	1.35	3.45	5.2	3.8	0	121	144	571	36.6	3.18	3.12	4.49	0.54
(Li0.5Y0.5)MoO4	18.8	0.08	0.08	0.17	0.67	8	6	6	2	1.06	1.04	10.17	1.35	2.85	3.2	4.65	0	1.96	396	163	36.6	9.1	5.57	4.08	0.54
Mg0.95Co0.05Ti2O5	18.6	0.12	0.01	0.25	0.62	12	6	6	2	1.1	2.99	6.61	1.35	3.45	5.1	3.8	0	121	125	571	36.6	3.18	3.01	4.49	0.54
(Li0.5Er0.5)MoO4	18.6	0.08	0.08	0.17	0.67	8	6	6	2	1.06	3.37	10.17	1.35	2.85	3.22	4.65	0	1.96	373	163	36.6	9.1	7.46	4.08	0.54
Sm2BaZnO5	18.5	0.22	0.11	0.11	0.56	12	6	6	2	1.32	1.48	2.7	1.35	3.2	2.32	4.1	0	284	461	189	36.6	8.62	11.07	2.24	0.54
Mg0.95Zn0.05Ti2O5	18.5	0.12	0.01	0.25	0.62	12	6	6	2	1.1	0.88	6.61	1.35	3.45	4.1	3.8	0	121	189	571	36.6	3.18	2.24	4.49	0.54
Mg3Gd4Al44O75	18.3	0.02	0.03	0.35	0.6	12	6	6	2	1.1	3.2	5.61	1.35	3.45	3.2	4.2	0	121	314	152	36.6	3.18	7.78	5.23	0.54
Mg3Tb4Al44O75	18.3	0.02	0.03	0.35	0.6	12	6	6	2	1.1	1.063	5.61	1.35	3.45	3.21	4.2	0	121	329	152	36.6	3.18	7.91	5.23	0.54
Sr(Ni0.5W0.5)O3	18.3	0.2	0.1	0.1	0.6	12	6	6	2	1.44	0.83	14.29	1.35	2.4	5.2	4.8	0	373	144	458	36.6	7.6	3.12	2.4	0.54
La2SrAl2O7	18.2	0.17	0.08	0.17	0.58	6	12	6	2	1.032	1.44	0.39	1.35	3.17	2.4	4.2	0	202	373	152	36.6	8.68	7.6	5.23	0.54
(Zn0.95Mn0.05)2TiO4	18.2	0.27	0.01	0.14	0.57	6	6	6	2	0.74	0.67	0.605	1.35	4.1	4.45	3.8	0	189	93	571	36.6	2.24	3.48	4.49	0.54
CaSmAlO4	18.2	0.14	0.14	0.14	0.57	9	9	6	2	1.18	1.132	0.535	1.35	2.55	3.2	4.2	0	468	284	152	36.6	6.22	8.62	5.23	0.54
CaNdAlO4	18.2	0.14	0.14	0.14	0.57	9	9	6	2	1.18	1.303	0.535	1.35	2.55	3.19	4.2	0	468	252	152	36.6	6.22	9.38	5.23	0.54
SrLa2Al2O7	18.2	0.08	0.17	0.17	0.58	12	9	6	2	1.44	1.216	0.535	1.35	2.4	3.17	4.2	0	373	202	152	36.6	7.6	8.68	5.23	0.54
Mg(Zr0.05Ti0.95)O3	18.1	0.2	0.01	0.19	0.6	6	6	6	2	0.72	0.72	0.605	1.35	3.45	3.45	3.8	0	121	419	571	36.6	3.18	4.63	4.49	0.54
BaEu2ZnO5	18.1	0.11	0.22	0.11	0.56	11	7	5	2	1.57	1.01	0.68	1.35	2.32	3.2	4.1	0	461	299	189	36.6	11.07	8.38	2.24	0.54
Eu2BaZnO5	18.1	0.22	0.11	0.11	0.56	9	7	5	2	1.13	1.38	0.68	1.35	3.2	2.32	4.1	0	299	461	189	36.6	8.38	11.07	2.24	0.54
BaSm2CuO5	18.05	0.11	0.22	0.11	0.56	11	7	5	2	1.57	1.02	0.65	1.35	2.32	3.2	4.45	0	461	284	166	36.6	11.07	8.62	3.01	0.54
(Zn0.95Cu0.05)2TiO4	18	0.27	0.01	0.14	0.57	6	6	6	2	0.74	0.73	0.605	1.35	4.1	4.45	3.8	0	189	166	571	36.6	2.24	3.01	4.49	0.54
Ba2MgWO6	17.6	0.2	0.1	0.1	0.6	12	6	6	2	1.24	0.86	14.29	1.35	2.32	3.45	4.8	0	461	121	458	36.6	11.07	3.18	2.4	0.54
Nd2BaCuO5	17.6	0.22	0.11	0.11	0.56	10	8	4	2	1.163	1.42	0.73	1.35	3.19	2.32	4.45	0	252	461	166	36.6	9.38	11.07	3.01	0.54
Mg(Sn0.05Ti0.95)O3	17.4	0.2	0.01	0.19	0.6	6	6	6	2	0.72	0.69	0.605	1.35	3.45	4.15	3.8	0	121	662	571	36.6	3.18	3.02	4.49	0.54
Li2MgTiO4	17.3	0.25	0.12	0.12	0.5	4	4	4	2	0.59	0.57	0.42	1.35	2.85	3.45	3.8	0	1.96	121	571	36.6	9.1	3.18	4.49	0.54
BaGd2ZnO5	17.2	0.11	0.22	0.11	0.56	11	7	5	2	1.57	1	0.68	1.35	2.32	3.2	4.1	0	461	314	189	36.6	11.07	7.78	2.24	0.54
BaHo2ZnO5	17.2	0.11	0.22	0.11	0.56	11	7	5	2	1.57	0.901	0.68	1.35	2.32	3.22	4.1	0	461	359	189	36.6	11.07	7.58	2.24	0.54
Gd2BaZnO5	17.2	0.22	0.11	0.11	0.56	9	7	5	2	1.107	1.38	0.68	1.35	3.2	2.32	4.1	0	314	461	189	36.6	7.78	11.07	2.24	0.54
Ho2BaZnO5	17.2	0.22	0.11	0.11	0.56	9	7	5	2	1.072	1.38	0.68	1.35	3.22	2.32	4.1	0	359	461	189	36.6	7.58	11.07	2.24	0.54
Ba(Ni0.5W0.5)O3	17.1	0.2	0.1	0.1	0.6	12	6	6	2	1.24	0.83	14.29	1.35	2.32	5.2	4.8	0	461	144	458	36.6	11.07	3.12	2.4	0.54
BaDy2ZnO5	17.1	0.11	0.22	0.11	0.56	11	7	5	2	1.57	0.97	0.68	1.35	2.32	3.21	4.1	0	461	344	189	36.6	11.07	7.74	2.24	0.54
Dy2BaZnO5	17.1	0.22	0.11	0.11	0.56	9	7	5	2	1.083	1.38	0.68	1.35	3.21	2.32	4.1	0	344	461	189	36.6	7.74	11.07	2.24	0.54
Eu2BaCuO5	17.1	0.22	0.11	0.11	0.56	9	7	5	2	1.13	1.38	0.73	1.35	3.2	2.32	4.45	0	299	461	166	36.6	8.38	11.07	3.01	0.54
Ba2TiSi2O8	17	0.15	0.08	0.15	0.62	12	6	6	2	1.61	0.605	0.26	1.35	2.32	3.8	4.7	0	461	571	189	36.6	11.07	4.49	2.19	0.54
Ca5Ta2HfO12	17	0.25	0.1	0.05	0.6	8	8	6	2	1.12	1.04	0.71	1.35	2.55	4.05	3.6	0	468	444	430	36.6	6.22	2.47	3.19	0.54
(Mg0.95Co0.05)TiO3	16.8	0.19	0.01	0.2	0.6	6	6	6	2	0.72	0.65	0.605	1.35	3.45	5.1	3.8	0	121	125	571	36.6	3.18	3.01	4.49	0.54
ZnCu2Nb2O8	16.7	0.08	0.15	0.15	0.62	6	6	6	2	0.74	0.57	0.48	1.35	4.1	4.45	4.05	0	189	166	441	36.6	2.24	3.01	4.45	0.54
Mg(Ti0.95Sn0.05)O3	16.7	0.2	0.19	0.01	0.6	6	6	6	2	0.72	0.605	0.69	1.35	3.45	3.8	4.15	0	121	571	662	36.6	3.18	4.49	3.02	0.54
SrLaAlO4	16.7	0.14	0.14	0.14	0.57	9	9	6	2	1.31	1.216	0.535	1.35	2.4	3.17	4.2	0	373	202	152	36.6	7.6	8.68	5.23	0.54
CoCu2Nb2O8	16.6	0.08	0.15	0.15	0.62	6	6	6	2	0.65	0.57	0.48	1.35	5.1	4.45	4.05	0	125	166	441	36.6	3.01	3.01	4.45	0.54
Sm2BaCuO5	16.5	0.22	0.11	0.11	0.56	11	7	5	2	1.24	1.38	0.73	1.35	3.2	2.32	4.45	0	284	461	166	36.6	8.62	11.07	3.01	0.54
(Li0.5Yb0.5)MoO4	16.3	0.08	0.08	0.17	0.67	8	8	4	2	0.92	0.985	0.59	1.35	2.85	3.22	4.65	0	1.96	401	163	36.6	9.1	7.26	4.08	0.54
BaEr2ZnO5	16.3	0.11	0.22	0.11	0.56	11	7	5	2	1.57	0.945	0.68	1.35	2.32	3.22	4.1	0	461	373	189	36.6	11.07	7.46	2.24	0.54
Er2BaZnO5	16.3	0.22	0.11	0.11	0.56	9	7	5	2	1.062	1.38	0.68	1.35	3.22	2.32	4.1	0	373	461	189	36.6	7.46	11.07	2.24	0.54
(Li0.5Nd0.5)WO4	16.1	0.08	0.08	0.17	0.67	6	6	6	2	0.76	0.983	0.6	1.35	2.85	3.19	4.8	0	1.96	252	458	36.6	9.1	9.38	2.4	0.54
BaTm2ZnO5	16.1	0.11	0.22	0.11	0.56	11	6	5	2	1.57	0.88	0.68	1.35	2.32	3.22	4.1	0	461	387	189	36.6	11.07	7.35	2.24	0.54
Tm2BaZnO5	16.1	0.22	0.11	0.11	0.56	9	7	5	2	1.052	1.38	0.68	1.35	3.22	2.32	4.1	0	387	461	189	36.6	7.35	11.07	2.24	0.54
Sr2SmSbO6	16	0.2	0.1	0.1	0.6	12	6	6	2	1.44	1.098	8.33	1.35	2.4	3.2	4.4	0	373	284	288	36.6	7.6	8.62	2.37	0.54
SrMgV2O7	16	0.09	0.09	0.18	0.64	12	5	4	2	1.58	0.66	0.355	1.35	2.4	3.45	4.25	0	373	121	68.4	36.6	7.6	3.18	4.48	0.54
Gd2BaCuO5	16	0.22	0.11	0.11	0.56	9	7	5	2	1.107	1.38	0.73	1.35	3.2	2.32	4.45	0	314	461	166	36.6	7.78	11.07	3.01	0.54
MgCu2Nb2O8	15.9	0.08	0.15	0.15	0.62	6	6	6	2	0.72	0.57	0.48	1.35	3.45	4.45	4.05	0	121	166	441	36.6	3.18	3.01	4.45	0.54
SrNdAlO4	15.9	0.14	0.14	0.14	0.57	9	9	6	2	1.31	1.303	0.535	1.35	2.4	3.19	4.2	0	373	252	152	36.6	7.6	9.38	5.23	0.54
Li3Bi2P3O12	15.8	0.15	0.1	0.15	0.6	4.5	6	4	2	0.76	1.03	0.38	1.35	2.85	4.15	5.55	0	1.96	596	229	36.6	9.1	4.04	1.34	0.54
(Mg0.95Co0.05)2TiO4	15.7	0.27	0.01	0.14	0.57	6	6	6	2	0.72	0.65	0.605	1.35	3.45	5.1	3.8	0	121	125	571	36.6	3.18	3.01	4.49	0.54
(Mg0.95Mn0.05)2TiO4	15.7	0.27	0.01	0.14	0.57	6	6	6	2	0.72	0.67	0.605	1.35	3.45	4.45	3.8	0	121	93	571	36.6	3.18	3.48	4.49	0.54
LaTi2Al9O19	15.7	0.03	0.06	0.29	0.61	12	6	6	2	1.36	0.745	0.535	1.35	3.17	3.8	4.2	0	202	571	152	36.6	8.68	4.49	5.23	0.54
SrPr4Si3O13	15.6	0.05	0.19	0.14	0.62	9	8	4	2	0.131	1.179	0.26	1.35	2.4	3.19	4.7	0	373	236	189	36.6	7.6	9.92	2.19	0.54
(Mg0.9Co0.1)2TiO4	15.6	0.26	0.03	0.14	0.57	6	6	6	2	0.72	0.65	0.605	1.35	3.45	5.1	3.8	0	121	125	571	36.6	3.18	3.01	4.49	0.54
(Mg0.96Mn0.04)2TiO4	15.6	0.27	0.01	0.14	0.57	6	6	6	2	0.72	0.67	0.605	1.35	3.45	4.45	3.8	0	121	93	571	36.6	3.18	3.48	4.49	0.54
Mg2(Ti0.95Sn0.05)O4	15.6	0.29	0.14	0.01	0.57	6	6	6	2	0.72	0.605	0.69	1.35	3.45	3.8	4.15	0	121	571	662	36.6	3.18	4.49	3.02	0.54
(Mg0.95Zn0.05)2TiO4	15.5	0.27	0.01	0.14	0.57	6	6	6	2	0.72	0.74	0.605	1.35	3.45	4.1	3.8	0	121	189	571	36.6	3.18	2.24	4.49	0.54
(Mg0.9Mn0.1)2TiO4	15.5	0.26	0.03	0.14	0.57	6	6	6	2	0.72	0.67	0.605	1.35	3.45	4.45	3.8	0	121	93	571	36.6	3.18	3.48	4.49	0.54
SrSmAlO4	15.5	0.14	0.14	0.14	0.57	9	9	6	2	1.31	1.132	0.535	1.35	2.4	3.2	4.2	0	373	284	152	36.6	7.6	8.62	5.23	0.54
SrNd4Si3O13	15.5	0.05	0.19	0.14	0.62	9	8	4	2	1.31	1.109	0.4	1.35	2.4	3.19	4.7	0	373	252	189	36.6	7.6	9.38	2.19	0.54
BaY2ZnO5	15.4	0.11	0.22	0.11	0.56	11	7	5	2	1.57	0.96	0.68	1.35	2.32	3.2	4.1	0	461	396	189	36.6	11.07	5.57	2.24	0.54
Y2BaZnO5	15.4	0.22	0.11	0.11	0.56	9	7	5	2	1.075	1.38	0.68	1.35	3.2	2.32	4.1	0	396	461	189	36.6	5.57	11.07	2.24	0.54
BaHo2CuO5	15.3	0.11	0.22	0.11	0.56	11	7	5	2	1.57	0.901	0.65	1.35	2.32	3.22	4.45	0	461	359	166	36.6	11.07	7.58	3.01	0.54
Ho2BaCuO5	15.3	0.22	0.11	0.11	0.56	9	7	5	2	1.072	1.38	0.73	1.35	3.22	2.32	4.45	0	359	461	166	36.6	7.58	11.07	3.01	0.54
LaSrAlO4	15.3	0.14	0.14	0.14	0.57	9	9	6	2	1.216	1.31	0.535	1.35	3.17	2.4	4.2	0	202	373	152	36.6	8.68	7.6	5.23	0.54
MgCo3Nb2O9	15.2	0.07	0.2	0.13	0.6	6	6	6	2	0.72	0.65	0.64	1.35	3.45	5.1	4.05	0	121	125	441	36.6	3.18	3.01	4.45	0.54
Ba(Mg0.5W0.5)O3	15	0.2	0.1	0.1	0.6	12	6	6	2	1.24	0.86	14.29	1.35	2.32	3.45	4.8	0	461	121	458	36.6	11.07	3.18	2.4	0.54
BaDy2CuO5	14.9	0.11	0.22	0.11	0.56	11	7	5	2	1.57	0.97	0.65	1.35	2.32	3.21	4.45	0	461	344	166	36.6	11.07	7.74	3.01	0.54
Dy2BaCuO5	14.9	0.22	0.11	0.11	0.56	11	7	5	2	1.083	1.38	0.73	1.35	3.21	2.32	4.45	0	344	461	166	36.6	7.74	11.07	3.01	0.54
SrEu4Si3O13	14.8	0.05	0.19	0.14	0.62	9	8	4	2	0.131	1.066	0.26	1.35	2.4	3.2	4.7	0	373	299	189	36.6	7.6	8.38	2.19	0.54
LiYW2O8	14.8	0.08	0.08	0.17	0.67	8	8	6	2	0.92	1.019	0.6	1.35	2.85	3.2	4.8	0	1.96	396	458	36.6	9.1	5.57	2.4	0.54
Li2Zn2W2O9	14.7	0.13	0.13	0.13	0.6	6	6	6	2	0.76	0.74	0.6	1.35	2.85	4.1	4.8	0	1.96	189	458	36.6	9.1	2.24	2.4	0.54
SrTb4Si3O13	14.3	0.05	0.19	0.14	0.62	9	8	4	2	0.131	1.04	0.26	1.35	2.4	3.21	4.7	0	373	329	189	36.6	7.6	7.91	2.19	0.54
SrLa4Si3O13	14.2	0.05	0.19	0.14	0.62	9	8	4	2	1.31	1.16	0.4	1.35	2.4	3.17	4.7	0	373	202	189	36.6	7.6	8.68	2.19	0.54
Ba2BiV3O11	14.2	0.12	0.06	0.18	0.65	11.5	5	8	2	1.61	0.96	0.54	1.35	2.32	4.15	4.25	0	461	596	68.4	36.6	11.07	4.04	4.48	0.54
CaLa4Si3O13	14.1	0.05	0.19	0.14	0.62	9	8	4	2	1.18	1.16	0.26	1.35	2.55	3.17	4.7	0	468	202	189	36.6	6.22	8.68	2.19	0.54
Ba3NiSb2O9	14	0.2	0.07	0.13	0.6	12	6	6	2	1.24	0.83	8.33	1.35	2.32	5.2	4.4	0	461	144	288	36.6	11.07	3.12	2.37	0.54
Ba3Sb2NiO9	14	0.2	0.13	0.07	0.6	12	6	6	2	1.24	0.74	2.9	1.35	2.32	4.4	5.2	0	461	288	144	36.6	11.07	2.37	3.12	0.54
LaMgAl11O19	14	0.03	0.03	0.34	0.59	12	7	6	2	1.36	0.72	0.535	1.35	3.17	3.45	4.2	0	202	121	152	36.6	8.68	3.18	5.23	0.54
Te2(Mo0.95W0.05)O7	13.9	0.2	0.1	0.01	0.7	4	5	5	2	0.66	0.5	0.51	1.35	0	4.65	4.8	0	707	163	458	36.6	2.22	4.08	2.4	0.54
Ba2CeV3O11	13.8	0.12	0.06	0.18	0.65	9	6	6	2	1.47	1.01	0.54	1.35	2.32	3.18	4.25	0	461	219	68.4	36.6	11.07	10.35	4.48	0.54
Ca3MgSi2O8	13.8	0.21	0.07	0.14	0.57	6	6	6	2	1	0.72	0.4	1.35	2.55	3.45	4.7	0	468	121	189	36.6	6.22	3.18	2.19	0.54
ZnMnW2O8	13.7	0.08	0.08	0.17	0.67	6	6	6	2	0.74	0.67	0.6	1.35	4.1	4.45	4.8	0	189	93	458	36.6	2.24	3.48	2.4	0.54
Li8Bi2Mo7O28	13.6	0.18	0.04	0.16	0.62	5	8	6	2	0.76	1.17	0.64	1.35	2.85	4.15	4.65	0	1.96	596	163	36.6	9.1	4.04	4.08	0.54
SrSm4Si3O13	13.5	0.05	0.19	0.14	0.62	9	8	4	2	0.131	1.079	0.26	1.35	2.4	3.2	4.7	0	373	284	189	36.6	7.6	8.62	2.19	0.54
BaCu2V2O8	13.5	0.08	0.15	0.15	0.62	10	4	4	2	1.52	0.57	0.355	1.35	2.32	4.45	4.25	0	461	166	68.4	36.6	11.07	3.01	4.48	0.54
BaEr2CuO5	13.5	0.11	0.22	0.11	0.56	11	7	5	2	1.57	0.945	0.65	1.35	2.32	3.22	4.45	0	461	373	166	36.6	11.07	7.46	3.01	0.54
Er2BaCuO5	13.5	0.22	0.11	0.11	0.56	9	7	5	2	1.062	1.38	0.73	1.35	3.22	2.32	4.45	0	373	461	166	36.6	7.46	11.07	3.01	0.54
Mg2Co2Nb2O9	13.2	0.13	0.13	0.13	0.6	6	6	6	2	0.72	0.65	0.64	1.35	3.45	5.1	4.05	0	121	125	441	36.6	3.18	3.01	4.45	0.54
SrYb4Si3O13	13.1	0.05	0.19	0.14	0.62	9	8	4	2	0.131	0.985	0.26	1.35	2.4	3.22	4.7	0	373	401	189	36.6	7.6	7.26	2.19	0.54
(Mg0.95Zn0.05)4Nb2O9	13	0.25	0.01	0.13	0.6	6	6	6	2	0.72	0.74	0.64	1.35	3.45	4.1	4.05	0	121	189	441	36.6	3.18	2.24	4.45	0.54
NiCu2Nb2O8	12.8	0.08	0.15	0.15	0.62	6	6	6	2	0.69	0.57	0.48	1.35	5.2	4.45	4.05	0	144	166	441	36.6	3.12	3.01	4.45	0.54
BaTm2CuO5	12.8	0.11	0.22	0.11	0.56	11	6	5	2	1.57	0.88	0.65	1.35	2.32	3.22	4.45	0	461	387	166	36.6	11.07	7.35	3.01	0.54
Tm2BaCuO5	12.8	0.22	0.11	0.11	0.56	11	7	5	2	1.052	1.38	0.73	1.35	3.22	2.32	4.45	0	387	461	166	36.6	7.35	11.07	3.01	0.54
SrGd4Si3O13	12.6	0.05	0.19	0.14	0.62	9	8	4	2	0.131	1.053	0.26	1.35	2.4	3.2	4.7	0	373	314	189	36.6	7.6	7.78	2.19	0.54
SrY4Si3O13	12.6	0.05	0.19	0.14	0.62	9	8	4	2	0.131	1.019	0.26	1.35	2.4	3.2	4.7	0	373	396	189	36.6	7.6	5.57	2.19	0.54
Mg3CoNb2O9	12.3	0.2	0.07	0.13	0.6	6	4	6	2	0.72	0.65	0.64	1.35	3.45	5.1	4.05	0	121	125	441	36.6	3.18	3.01	4.45	0.54
BaZnSiO4	12.1	0.14	0.14	0.14	0.57	11	4	4	2	1.57	0.6	0.4	1.35	2.32	4.1	4.7	0	461	189	189	36.6	11.07	2.24	2.19	0.54
BaY2CuO5	11.8	0.11	0.22	0.11	0.56	11	7	5	2	1.57	0.96	0.65	1.35	2.32	3.2	4.45	0	461	396	166	36.6	11.07	5.57	3.01	0.54
Ca5Zn4(VO4)6	11.7	0.13	0.1	0.15	0.62	10	4	4	2	1.37	0.6	0.355	1.35	2.55	4.1	4.25	0	468	189	68.4	36.6	6.22	2.24	4.48	0.54
CaCu2Nb2O8	11.6	0.08	0.15	0.15	0.62	6	6	6	2	1.37	0.57	0.48	1.35	2.55	4.45	4.05	0	468	166	441	36.6	6.22	3.01	4.45	0.54
BaTiB2O6	11.5	0.1	0.1	0.2	0.6	6	6	12	2	1.35	0.26	0.27	1.35	2.32	3.8	5.3	0	461	571	7.38	36.6	11.07	4.49	1.51	0.54
BaTi(BO3)2	11.5	0.1	0.1	0.2	0.6	11	6	3	2	1.57	0.605	0.11	1.35	2.32	3.8	5.3	0	461	571	7.38	36.6	11.07	4.49	1.51	0.54
Mg4Nb0.5Ta1.5O9	11.5	0.27	0.03	0.1	0.6	6	6	6	2	0.72	0.64	0.64	1.35	3.45	4.05	4.05	0	121	441	444	36.6	3.18	4.45	2.47	0.54
Li3FeMo3O12	11.5	0.16	0.05	0.16	0.63	6	6	6	2	0.76	0.55	0.59	1.35	2.85	4.93	4.65	0	1.96	108	163	36.6	9.1	3.07	4.08	0.54
Na0.5Ce0.5MoO4	11.2	0.08	0.08	0.17	0.67	8	8	4	2	1.18	1.143	0.59	1.35	2.7	3.18	4.65	0	95.3	219	163	36.6	11.8	10.35	4.08	0.54
SrTm4Si3O13	11.2	0.05	0.19	0.14	0.62	9	8	4	2	0.131	0.994	0.26	1.35	2.4	3.22	4.7	0	373	387	189	36.6	7.6	7.35	2.19	0.54
Li2Zn2Mo3O12	11.1	0.11	0.11	0.16	0.63	6	6	6	2	0.76	0.74	0.59	1.35	2.85	4.1	4.65	0	1.96	189	163	36.6	9.1	2.24	4.08	0.54
Sr2CaSi2O7	11	0.17	0.08	0.17	0.58	8	4	4	2	1.26	1	0.26	1.35	2.4	2.55	4.7	0	373	468	189	36.6	7.6	6.22	2.19	0.54
Ca2ZnSi2O7	11	0.17	0.08	0.17	0.58	8	4	4	2	1.12	0.6	0.4	1.35	2.55	4.1	4.7	0	468	189	189	36.6	6.22	2.24	2.19	0.54
BaV2ZnO7	10.7	0.09	0.18	0.09	0.64	9	4	5	2	1.47	0.355	0.68	1.35	2.32	4.25	4.1	0	461	68.4	189	36.6	11.07	4.48	2.24	0.54
LiMg4V3O12	10.7	0.05	0.2	0.15	0.6	8	6	6	2	0.92	0.72	0.54	1.35	2.85	3.45	4.25	0	1.96	121	68.4	36.6	9.1	3.18	4.48	0.54
BaZnV2O7	10.7	0.09	0.09	0.18	0.64	11	4	5	2	1.57	0.6	0.46	1.35	2.32	4.1	4.25	0	461	189	68.4	36.6	11.07	2.24	4.48	0.54
Ba3SrSb2O9	10.6	0.2	0.07	0.13	0.6	12	6	6	2	1.24	1.32	8.33	1.35	2.32	2.4	4.4	0	461	373	288	36.6	11.07	7.6	2.37	0.54
Ca3ZrSi2O9	10.6	0.2	0.07	0.13	0.6	8	7	5	2	1.12	0.92	0.4	1.35	2.55	3.45	4.7	0	468	419	189	36.6	6.22	4.63	2.19	0.54
Na0.5Nd0.5MoO4	10.5	0.08	0.08	0.17	0.67	8	8	4	2	1.18	1.109	0.59	1.35	2.7	3.19	4.65	0	95.3	252	163	36.6	11.8	9.38	4.08	0.54
SrEr4Si3O13	10.4	0.05	0.19	0.14	0.62	9	8	4	2	0.131	1.004	0.26	1.35	2.4	3.22	4.7	0	373	373	189	36.6	7.6	7.46	2.19	0.54
(K0.5La0.5)MoO4	10.3	0.08	0.08	0.17	0.67	8	8	4	2	1.51	1.16	0.59	1.35	2.25	3.17	4.65	0	417	202	163	36.6	19.69	8.68	4.08	0.54
Mg3Yb4Al44O75	10.3	0.02	0.03	0.35	0.6	6	6	6	2	0.72	1.02	0.535	1.35	3.45	3.22	4.2	0	121	401	152	36.6	3.18	7.26	5.23	0.54
Mg3Dy4Al44O75	10.3	0.02	0.03	0.35	0.6	6	6	6	2	0.72	1.052	0.535	1.35	3.45	3.21	4.2	0	121	344	152	36.6	3.18	7.74	5.23	0.54
Ca3HfSi2O9	10.27	0.2	0.07	0.13	0.6	12	6	6	2	1.4	5.63	10	1.35	2.55	3.6	4.7	0	468	430	189	36.6	6.22	3.19	2.19	0.54
SrV2ZnO7	10.2	0.09	0.18	0.09	0.64	9	4	5	2	1.31	0.355	0.68	1.35	2.4	4.25	4.1	0	373	68.4	189	36.6	7.6	4.48	2.24	0.54
Ca5Co4(VO4)6	10.1	0.13	0.1	0.15	0.62	10	4	4	2	1.37	0.65	0.355	1.35	2.55	5.1	4.25	0	468	125	68.4	36.6	6.22	3.01	4.48	0.54
Ba3Nb2P4O18	10	0.11	0.07	0.15	0.67	10	6	4	2	1.66	0.48	0.38	1.35	2.32	4.05	5.55	0	461	441	229	36.6	11.07	4.45	1.34	0.54
(K0.5Nd0.5)MoO4	9.9	0.08	0.08	0.17	0.67	8	8	4	2	1.51	1.109	0.59	1.35	2.25	3.19	4.65	0	417	252	163	36.6	19.69	9.38	4.08	0.54
Zn2(Sn0.95Ti0.05)O4	9.9	0.29	0.14	0.01	0.57	6	6	6	2	0.74	0.69	0.605	1.35	4.1	4.15	3.8	0	189	662	571	36.6	2.24	3.02	4.49	0.54
Li2TiSiO5	9.89	0.22	0.11	0.11	0.56	6	6	5	2	0.76	0.605	0.26	1.35	2.85	3.8	4.7	0	1.96	571	189	36.6	9.1	4.49	2.19	0.54
Li3InMo3O12	9.8	0.16	0.05	0.16	0.63	6	6	6	2	0.76	0.92	0.59	1.35	2.85	3.9	4.65	0	1.96	638	163	36.6	9.1	5.01	4.08	0.54
Li3Nd3W2O12	9.8	0.15	0.15	0.1	0.6	6	6	6	2	0.76	0.983	0.6	1.35	2.85	3.19	4.8	0	1.96	252	458	36.6	9.1	9.38	2.4	0.54
(K0.5Sm0.5)MoO4	9.7	0.08	0.08	0.17	0.67	8	8	4	2	1.51	1.079	0.59	1.35	2.25	3.2	4.65	0	417	284	163	36.6	19.69	8.62	4.08	0.54
Ba3CaSb2O9	9.6	0.2	0.07	0.13	0.6	12	6	6	2	1.24	2	8.33	1.35	2.32	2.55	4.4	0	461	468	288	36.6	11.07	6.22	2.37	0.54
SrDy4Si3O13	9.6	0.05	0.19	0.14	0.62	9	8	4	2	0.131	1.027	0.26	1.35	2.4	3.21	4.7	0	373	344	189	36.6	7.6	7.74	2.19	0.54
Zn2(Sn0.99Zr0.01)O4	9.6	0.29	0.14	0	0.57	6	6	6	2	0.74	0.69	0.72	1.35	4.1	4.15	3.45	0	189	662	419	36.6	2.24	3.02	4.63	0.54
Li3AlMo3O12	9.5	0.16	0.05	0.16	0.63	6	6	6	2	0.76	0.535	0.59	1.35	2.85	4.2	4.65	0	1.96	152	163	36.6	9.1	5.23	4.08	0.54
LiMgVO4	9.5	0.14	0.14	0.14	0.57	4	6	4	2	0.59	0.72	0.355	1.35	2.85	3.45	4.25	0	1.96	121	68.4	36.6	9.1	3.18	4.48	0.54
Li2TiGeO5	9.43	0.22	0.11	0.11	0.56	6	6	5	2	0.76	0.605	0.39	1.35	2.85	3.8	4.55	0	1.96	571	235	36.6	9.1	4.49	2.55	0.54
Ba3MgSb2O9	9.4	0.2	0.07	0.13	0.6	12	6	6	2	1.24	0.86	8.33	1.35	2.32	3.45	4.4	0	461	121	288	36.6	11.07	3.18	2.37	0.54
MgCo2(VO4)2	9.4	0.08	0.15	0.15	0.62	6	4	4	2	0.72	0.58	0.355	1.35	3.45	5.1	4.25	0	121	125	68.4	36.6	3.18	3.01	4.48	0.54
Y2BaCuO5	9.4	0.22	0.11	0.11	0.56	11	7	5	2	1.075	1.38	0.73	1.35	3.2	2.32	4.45	0	396	461	166	36.6	5.57	11.07	3.01	0.54
SrY2Si3O10	9.3	0.06	0.12	0.19	0.62	9	6	4	2	0.131	0.9	0.26	1.35	2.4	3.2	4.7	0	373	396	189	36.6	7.6	5.57	2.19	0.54
Ca(Sn0.4Si0.6)O3	9.3	0.2	0.08	0.12	0.6	12	6	6	2	1.34	0.69	0.4	1.35	2.55	4.15	4.7	0	468	662	189	36.6	6.22	3.02	2.19	0.54
BaCo2Si2O7	9.26	0.08	0.17	0.17	0.58	10	8	4	2	1.52	0.9	0.26	1.35	2.32	5.1	4.7	0	461	125	189	36.6	11.07	3.01	2.19	0.54
Ca5Mg4(VO4)6	9.2	0.13	0.1	0.15	0.62	10	4	4	2	1.37	0.72	0.355	1.35	2.55	3.45	4.25	0	468	121	68.4	36.6	6.22	3.18	4.48	0.54
Yb2BaZnO5	9.1	0.22	0.11	0.11	0.56	9	7	5	2	1.042	1.38	0.68	1.35	3.22	2.32	4.1	0	401	461	189	36.6	7.26	11.07	2.24	0.54
BaYb2NiO5	9.1	0.11	0.22	0.11	0.56	11	7	5	2	1.57	1.08	0.63	1.35	2.32	3.22	5.2	0	461	401	144	36.6	11.07	7.26	3.12	0.54
Yb2BaNiO5	9.1	0.22	0.11	0.11	0.56	10	7	6	2	1.042	1.38	0.83	1.35	3.22	2.32	5.2	0	401	461	144	36.6	7.26	11.07	3.12	0.54
CaSnSiO5	9.1	0.12	0.12	0.12	0.62	7	4	6	2	1.06	0.55	0.4	1.35	2.55	4.15	4.7	0	468	662	189	36.6	6.22	3.02	2.19	0.54
Sr2CoSi2O7	8.9	0.17	0.08	0.17	0.58	8	4	4	2	1.26	0.58	0.4	1.35	2.4	5.1	4.7	0	373	125	189	36.6	7.6	3.01	2.19	0.54
Sr2MgGe2O7	8.81	0.17	0.08	0.17	0.58	8	4	4	2	1.26	0.57	0.39	1.35	2.4	3.45	4.55	0	373	121	235	36.6	7.6	3.18	2.55	0.54
(Mg0.5Co0.5)Al2O4	8.8	0.07	0.07	0.29	0.57	6	6	6	2	0.72	0.65	0.535	1.35	3.45	5.1	4.2	0	121	125	152	36.6	3.18	3.01	5.23	0.54
Sr2MnSi2O7	8.8	0.17	0.08	0.17	0.58	8	4	4	2	1.26	0.66	0.4	1.35	2.4	4.45	4.7	0	373	93	189	36.6	7.6	3.48	2.19	0.54
(Mg0.95Ni0.05)2SnO4	8.7	0.27	0.01	0.14	0.57	6	6	6	2	0.72	0.69	0.69	1.35	3.45	5.2	4.15	0	121	144	662	36.6	3.18	3.12	3.02	0.54
LiCaBO3	8.7	0.17	0.17	0.17	0.5	4	4	3	2	0.59	1	0.01	1.35	2.85	2.55	5.3	0	1.96	468	7.38	36.6	9.1	6.22	1.51	0.54
(Mg0.5Zn0.5)Al2O4	8.6	0.07	0.07	0.29	0.57	4	4	6	2	0.57	0.6	0.535	1.35	3.45	4.1	4.2	0	121	189	152	36.6	3.18	2.24	5.23	0.54
LiSrBO3	8.6	0.17	0.17	0.17	0.5	4	4	3	2	0.59	1.18	0.01	1.35	2.85	2.4	5.3	0	1.96	373	7.38	36.6	9.1	7.6	1.51	0.54
Sr2ZnGe2O7	8.56	0.17	0.08	0.17	0.58	8	4	4	2	1.26	0.6	0.39	1.35	2.4	4.1	4.55	0	373	189	235	36.6	7.6	2.24	2.55	0.54
Ca0.8Sr0.2SnO3	8.5	0.16	0.04	0.2	0.6	12	12	6	2	1.34	1.18	0.69	1.35	2.55	2.4	4.15	0	468	373	662	36.6	6.22	7.6	3.02	0.54
Li2Ca2Mo3O12	8.5	0.11	0.11	0.16	0.63	6	6	6	2	0.76	1	0.59	1.35	2.85	2.55	4.65	0	1.96	468	163	36.6	9.1	6.22	4.08	0.54
(Mg0.93Zn0.07)2SnO4	8.5	0.27	0.02	0.14	0.57	4	4	6	2	0.57	0.6	0.69	1.35	3.45	4.1	4.15	0	121	189	662	36.6	3.18	2.24	3.02	0.54
Mg0.8Co0.2Al2O4	8.5	0.11	0.03	0.29	0.57	4	4	6	2	0.57	0.65	0.535	1.35	3.45	5.1	4.2	0	121	125	152	36.6	3.18	3.01	5.23	0.54
BaCuSi2O6	8.45	0.1	0.1	0.2	0.6	10	4	4	2	1.52	0.73	0.26	1.35	2.32	4.45	4.7	0	461	166	189	36.6	11.07	3.01	2.19	0.54
BaZnP2O7	8.4	0.09	0.09	0.18	0.64	11	5	4	2	1.57	0.68	0.17	1.35	2.32	4.1	5.55	0	461	189	229	36.6	11.07	2.24	1.34	0.54
Li2Mg2W3O12	8.4	0.11	0.11	0.16	0.63	6	6	6	2	0.76	0.72	0.6	1.35	2.85	3.45	4.8	0	1.96	121	458	36.6	9.1	3.18	2.4	0.54
Mg0.2Zn0.8Al2O4	8.4	0.03	0.11	0.29	0.57	4	4	6	2	0.57	0.6	0.535	1.35	3.45	4.1	4.2	0	121	189	152	36.6	3.18	2.24	5.23	0.54
Ca3SnSi2O9	8.4	0.2	0.07	0.13	0.6	7	4	6	2	1.06	0.55	0.4	1.35	2.55	4.15	4.7	0	468	662	189	36.6	6.22	3.02	2.19	0.54
Sr2ZnSi2O7	8.4	0.17	0.08	0.17	0.58	8	4	4	2	1.26	0.6	0.4	1.35	2.4	4.1	4.7	0	373	189	189	36.6	7.6	2.24	2.19	0.54
Ca2Al2SiO7	8.4	0.17	0.17	0.08	0.58	8	4	4	2	1.12	0.39	0.4	1.35	2.55	4.2	4.7	0	468	152	189	36.6	6.22	5.23	2.19	0.54
Mg0.75Ni0.25Al2O4	8.3	0.11	0.04	0.29	0.57	6	6	6	2	0.72	0.69	0.535	1.35	3.45	5.2	4.2	0	121	144	152	36.6	3.18	3.12	5.23	0.54
Mg0.4Zn0.6Al2O4	8.3	0.06	0.09	0.29	0.57	4	4	6	2	0.57	0.6	0.535	1.35	3.45	4.1	4.2	0	121	189	152	36.6	3.18	2.24	5.23	0.54
Sr2MgSi2O7	8.3	0.17	0.08	0.17	0.58	8	4	4	2	1.26	0.57	0.4	1.35	2.4	3.45	4.7	0	373	121	189	36.6	7.6	3.18	2.19	0.54
Na5LaMo4O16	8.24	0.19	0.04	0.15	0.62	8	8	4	2	1.18	1.032	0.59	1.35	2.7	3.17	4.65	0	95.3	202	163	36.6	11.8	8.68	4.08	0.54
BaMgV2O7	8.2	0.09	0.09	0.18	0.64	11	5	4	2	1.57	0.66	0.355	1.35	2.32	3.45	4.25	0	461	121	68.4	36.6	11.07	3.18	4.48	0.54
Mg0.6Zn0.4Al2O4	8.2	0.09	0.06	0.29	0.57	4	4	6	2	0.57	0.6	0.535	1.35	3.45	4.1	4.2	0	121	189	152	36.6	3.18	2.24	5.23	0.54
LiInSiO4	8.2	0.14	0.14	0.14	0.57	6	6	4	2	0.76	0.8	0.4	1.35	2.85	3.9	4.7	0	1.96	638	189	36.6	9.1	5.01	2.19	0.54
MgZn2(VO4)2	8.1	0.08	0.15	0.15	0.62	6	4	4	2	0.72	0.6	0.355	1.35	3.45	4.1	4.25	0	121	189	68.4	36.6	3.18	2.24	4.48	0.54
CaZrB2O6	8.1	0.1	0.1	0.2	0.6	8	6	4	2	1.12	0.72	0.11	1.35	2.55	3.45	5.3	0	468	419	7.38	36.6	6.22	4.63	1.51	0.54
Mg0.8Zn0.2Al2O4	8.1	0.11	0.03	0.29	0.57	4	4	6	2	0.57	0.6	0.535	1.35	3.45	4.1	4.2	0	121	189	152	36.6	3.18	2.24	5.23	0.54
(Mg0.95Zn0.05)Al2O4	8.1	0.14	0.01	0.29	0.57	4	4	6	2	0.57	0.6	0.535	1.35	3.45	4.1	4.2	0	121	189	152	36.6	3.18	2.24	5.23	0.54
Ca(Sn0.1Si0.9)O3	7.9	0.2	0.02	0.18	0.6	12	6	6	2	1.34	0.69	0.4	1.35	2.55	4.15	4.7	0	468	662	189	36.6	6.22	3.02	2.19	0.54
NaAgMoO4	7.9	0.14	0.14	0.14	0.57	8	8	6	2	1.18	1.15	0.59	1.35	2.7	4.35	4.65	0	95.3	586	163	36.6	11.8	3.29	4.08	0.54
BaYb2CuO5	7.9	0.11	0.22	0.11	0.56	11	7	5	2	1.57	1.08	0.65	1.35	2.32	3.22	4.45	0	461	401	166	36.6	11.07	7.26	3.01	0.54
Yb2BaCuO5	7.9	0.22	0.11	0.11	0.56	11	7	5	2	1.042	1.38	0.73	1.35	3.22	2.32	4.45	0	401	461	166	36.6	7.26	11.07	3.01	0.54
Na5GdMo4O16	7.73	0.19	0.04	0.15	0.62	8	8	4	2	1.18	0.938	0.59	1.35	2.7	3.2	4.65	0	95.3	314	163	36.6	11.8	7.78	4.08	0.54
Li2Mg2(WO4)3	7.7	0.11	0.11	0.16	0.63	6	6	6	2	0.76	0.72	0.6	1.35	2.85	3.45	4.8	0	1.96	121	458	36.6	9.1	3.18	2.4	0.54
CaZnP2O7	7.6	0.09	0.09	0.18	0.64	12	5	4	2	1.34	0.68	0.17	1.35	2.55	4.1	5.55	0	468	189	229	36.6	6.22	2.24	1.34	0.54
BaGa2Si2O8	7.6	0.08	0.15	0.15	0.62	10	4	4	2	1.66	0.47	0.4	1.35	2.32	4.1	4.7	0	461	212	189	36.6	11.07	4.47	2.19	0.54
LiVZnO4	7.55	0.14	0.14	0.14	0.57	4	4	4	2	0.59	0.355	0.74	1.35	2.85	4.25	4.1	0	1.96	68.4	189	36.6	9.1	4.48	2.24	0.54
BaAl2Ge2O8	7.5	0.08	0.15	0.15	0.62	9	4	4	2	1.61	0.39	0.73	1.35	2.32	4.2	4.55	0	461	152	235	36.6	11.07	5.23	2.55	0.54
Ba2ZnSi2O7	7.5	0.17	0.08	0.17	0.58	8	4	4	2	1.42	0.74	0.4	1.35	2.32	4.1	4.7	0	461	189	189	36.6	11.07	2.24	2.19	0.54
CaAl2Si2O8	7.4	0.08	0.15	0.15	0.62	10	4	4	2	1.37	0.39	0.26	1.35	2.55	4.2	4.7	0	468	152	189	36.6	6.22	5.23	2.19	0.54
Mg2Si0.9Ti0.1O4	7.4	0.29	0.13	0.01	0.57	6	6	6	2	0.72	0.4	0.605	1.35	3.45	4.7	3.8	0	121	189	571	36.6	3.18	2.19	4.49	0.54
BaCuB2O5	7.35	0.11	0.11	0.22	0.56	11	6	3	2	1.57	0.73	0.01	1.35	2.32	4.45	5.3	0	461	166	7.38	36.6	11.07	3.01	1.51	0.54
BaCu(B2O5)	7.3	0.11	0.11	0.22	0.56	11	6	3	2	1.57	0.73	0.01	1.35	2.32	4.45	5.3	0	461	166	7.38	36.6	11.07	3.01	1.51	0.54
CaCuP2O7	7.3	0.09	0.09	0.18	0.64	8	5	4	2	1.12	0.65	0.38	1.35	2.55	4.45	5.55	0	468	166	229	36.6	6.22	3.01	1.34	0.54
LiNiPO4	7.18	0.14	0.14	0.14	0.57	6	6	6	2	0.76	0.69	0.38	1.35	2.85	5.2	5.55	0	1.96	144	229	36.6	9.1	3.12	1.34	0.54
Na5ErMo4O16	7.17	0.19	0.04	0.15	0.62	8	8	4	2	1.18	0.89	0.59	1.35	2.7	3.22	4.65	0	95.3	373	163	36.6	11.8	7.46	4.08	0.54
SrZnP2O7	7.1	0.09	0.09	0.18	0.64	8	5	4	2	1.26	0.68	0.38	1.35	2.4	4.1	5.55	0	373	189	229	36.6	7.6	2.24	1.34	0.54
CaMgSiO4	7.05	0.14	0.14	0.14	0.57	6	6	6	2	1	0.72	0.4	1.35	2.55	3.45	4.7	0	468	121	189	36.6	6.22	3.18	2.19	0.54
SrCuP2O7	7	0.09	0.09	0.18	0.64	9	5	4	2	1.31	0.65	0.38	1.35	2.4	4.45	5.55	0	373	166	229	36.6	7.6	3.01	1.34	0.54
CaMgSi2O6	7	0.1	0.1	0.2	0.6	8	6	4	2	1.12	0.72	0.4	1.35	2.55	3.45	4.7	0	468	121	189	36.6	6.22	3.18	2.19	0.54
Ba2MgSi2O7	7	0.17	0.08	0.17	0.58	8	4	4	2	1.42	0.57	0.4	1.35	2.32	3.45	4.7	0	461	121	189	36.6	11.07	3.18	2.19	0.54
Sr2Al2SiO7	7	0.17	0.17	0.08	0.58	8	4	4	2	1.26	0.39	0.4	1.35	2.4	4.2	4.7	0	373	152	189	36.6	7.6	5.23	2.19	0.54
Mg1.93Ca0.07SiO4	6.9	0.28	0.01	0.14	0.57	6	6	6	2	0.72	1.18	0.4	1.35	3.45	2.55	4.7	0	121	468	189	36.6	3.18	6.22	2.19	0.54
BaGa2Ge2O8	6.9	0.08	0.15	0.15	0.62	9	4	4	2	1.61	0.47	0.73	1.35	2.32	4.1	4.55	0	461	212	235	36.6	11.07	4.47	2.55	0.54
Mg1.975Mn.025SiO4	6.71	0.28	0	0.14	0.57	6	6	6	2	0.72	0.67	0.4	1.35	3.45	4.45	4.7	0	121	93	189	36.6	3.18	3.48	2.19	0.54
(Mg0.4Zn0.6)2SiO4	6.6	0.11	0.17	0.14	0.57	4	4	4	2	0.57	0.6	0.4	1.35	3.45	4.1	4.7	0	121	189	189	36.6	3.18	2.24	2.19	0.54
LiMgPO4	6.6	0.14	0.14	0.14	0.57	6	6	4	2	0.76	0.72	0.38	1.35	2.85	3.45	5.55	0	1.96	121	229	36.6	9.1	3.18	1.34	0.54
Ca0.99Mg0.01SiO3	6.5	0.2	0	0.2	0.6	12	6	6	2	1.34	0.72	0.4	1.35	2.55	3.45	4.7	0	468	121	189	36.6	6.22	3.18	2.19	0.54
Ca2ZrSi4O12	6.4	0.11	0.05	0.21	0.63	6	6	6	2	1	0.72	0.4	1.35	2.55	3.45	4.7	0	468	419	189	36.6	6.22	4.63	2.19	0.54
BaAl2Si2O8	6.4	0.08	0.15	0.15	0.62	9	4	4	2	1.61	0.39	0.4	1.35	2.32	4.2	4.7	0	461	152	189	36.6	11.07	5.23	2.19	0.54
Mg2Al4Si5O18	6.2	0.07	0.14	0.17	0.62	6	4	4	2	0.72	0.39	0.4	1.35	3.45	4.2	4.7	0	121	152	189	36.6	3.18	5.23	2.19	0.54
CaCoSi2O6	6.04	0.1	0.1	0.2	0.6	8	6	4	2	1.12	0.65	0.26	1.35	2.55	5.1	4.7	0	468	125	189	36.6	6.22	3.01	2.19	0.54
Li2ZnSiO4	5.8	0.25	0.12	0.12	0.5	4	4	4	2	0.59	0.6	0.26	1.35	2.85	4.1	4.7	0	1.96	189	189	36.6	9.1	2.24	2.19	0.54
NaAlSi3O8	5.5	0.08	0.08	0.23	0.62	7	4	4	2	1.12	0.39	0.26	1.35	2.7	4.2	4.7	0	95.3	152	189	36.6	11.8	5.23	2.19	0.54
LiZnPO4	5.3	0.14	0.14	0.14	0.57	4	4	6	2	0.59	0.6	0.38	1.35	2.85	4.1	5.55	0	1.96	189	229	36.6	9.1	2.24	1.34	0.54
Li2MgSiO4	5.1	0.25	0.12	0.12	0.5	4	4	4	2	0.59	0.57	0.4	1.35	2.85	3.45	4.7	0	1.96	121	189	36.6	9.1	3.18	2.19	0.54
LiAlSiO4	4.8	0.14	0.14	0.14	0.57	4	4	4	2	0.59	0.39	0.4	1.35	2.85	4.2	4.7	0	1.96	152	189	36.6	9.1	5.23	2.19	0.54
Li2CaSiO4	4.4	0.25	0.12	0.12	0.5	4	8	4	2	0.59	1.12	0.4	1.35	2.85	2.55	4.7	0	1.96	468	189	36.6	9.1	6.22	2.19	0.54
SrB2Si2O8	4.2	0.08	0.15	0.15	0.62	10	4	4	2	1.36	0.11	0.26	1.35	2.4	5.3	4.7	0	373	7.38	189	36.6	7.6	1.51	2.19	0.54
Li3AlB2O6	4.2	0.25	0.08	0.17	0.5	4	4	3	2	0.59	0.39	0.27	1.35	2.85	4.2	5.3	0	1.96	152	7.38	36.6	9.1	5.23	1.51	0.54
KGaGe3O8	4	0.08	0.08	0.23	0.62	9	4	4	2	1.55	0.47	0.73	1.35	2.25	4.1	4.55	0	417	212	235	36.6	19.69	4.47	2.55	0.54
SrCuSi4O10	4	0.06	0.06	0.25	0.62	8	4	4	2	1.26	0.57	0.4	1.35	2.4	4.45	4.7	0	373	166	189	36.6	7.6	3.01	2.19	0.54
SrAl2Si2O8	3.56	0.08	0.15	0.15	0.62	10	4	4	2	1.36	0.39	0.26	1.35	2.4	4.2	4.7	0	373	152	189	36.6	7.6	5.23	2.19	0.54
MgMoO4	7.1	0.085	0.085	0.17	0.67	6	6	6	2	0.72	0.72	0.59	1.35	3.45	3.45	4.65	0	121	121	163	36.6	3.18	3.18	4.08	0.54
Ca2V2O7	12.1	0.09	0.09	0.18	0.64	8	8	4	2	1.12	1.12	0.355	1.35	2.55	2.55	4.25	0	468	468	68.4	36.6	6.22	6.22	4.48	0.54
Ca3Ti2O7	46	0.125	0.125	0.17	0.58	10	10	6	2	1.23	1.23	0.605	1.35	2.55	2.55	3.8	0	468	468	571	36.6	6.22	6.22	4.49	0.54
Li2SnO3	12.8	0.165	0.165	0.17	0.5	6	6	6	2	0.76	0.76	0.69	1.35	2.85	2.85	4.15	0	1.96	1.96	662	36.6	9.1	9.1	3.02	0.54
MgWO4	9.9	0.085	0.085	0.17	0.67	6	6	6	2	0.72	0.72	0.6	1.35	3.45	3.45	4.8	0	121	121	458	36.6	3.18	3.18	2.4	0.54
BiNbO4	43	0.085	0.085	0.17	0.67	8	8	6	2	1.17	1.17	0.64	1.35	4.15	4.15	4.05	0	596	596	441	36.6	4.04	4.04	4.45	0.54
LaNbO4	19.3	0.085	0.085	0.17	0.67	8	8	8	2	1.16	1.16	0.74	1.35	3.17	3.17	4.05	0	202	202	441	36.6	8.68	8.68	4.45	0.54
Mg2V2O7	10.5	0.09	0.09	0.18	0.64	6	6	6	2	0.72	0.72	0.54	1.35	3.45	3.45	4.25	0	121	121	68.4	36.6	3.18	3.18	4.48	0.54
CoNb2O6	20.5	0.055	0.055	0.22	0.67	6	6	7	2	0.7	0.7	0.69	1.35	5.1	5.1	4.05	0	125	125	441	36.6	3.01	3.01	4.45	0.54
LuNbO4	17.4	0.085	0.085	0.17	0.67	8	8	8	2	0.977	0.977	0.74	1.35	3.22	3.22	4.05	0	416	416	441	36.6	7.73	7.73	4.45	0.54
MgNb2O6	21.4	0.055	0.055	0.22	0.67	6	6	7	2	0.72	0.72	0.69	1.35	3.45	3.45	4.05	0	121	121	441	36.6	3.18	3.18	4.45	0.54
BaTi5O11	42	0.03	0.03	0.29	0.65	12	12	6	2	1.61	1.61	0.605	1.35	2.32	2.32	3.8	0	461	461	571	36.6	11.07	11.07	4.49	0.54
BaV2O6	11.2	0.055	0.055	0.22	0.67	6	6	6	2	1.35	1.35	0.54	1.35	2.32	2.32	4.25	0	461	461	68.4	36.6	11.07	11.07	4.48	0.54
LaPO4	10.4	0.085	0.085	0.17	0.67	8	8	4	2	1.16	1.16	0.17	1.35	3.17	3.17	5.55	0	202	202	229	36.6	8.68	8.68	1.34	0.54
SrTe2O5	15.5	0.06	0.06	0.25	0.62	7	7	6	2	1.24	1.24	0.97	1.35	2.4	2.4	0	0	373	373	707	36.6	7.6	7.6	2.22	0.54
CeVO4	12.3	0.085	0.085	0.17	0.67	6	6	6	2	1.01	1.01	0.54	1.35	3.18	3.18	4.25	0	219	219	68.4	36.6	10.35	10.35	4.48	0.54
Bi12TiO20	41	0.18	0.18	0.03	0.61	8	8	8	2	1.17	1.17	0.74	1.35	4.15	4.15	3.8	0	596	596	571	36.6	4.04	4.04	4.49	0.54
SnTe3O8	32	0.04	0.04	0.25	0.67	8	8	6	2	0.81	0.81	0.97	1.35	4.15	4.15	0	0	662	662	707	36.6	3.02	3.02	2.22	0.54
BiVO4	68	0.085	0.085	0.17	0.67	8	8	4	2	1.17	1.17	0.355	1.35	4.15	4.15	4.25	0	596	596	68.4	36.6	4.04	4.04	4.48	0.54
Zn2Te3O8	16.2	0.075	0.075	0.23	0.62	6	6	4	2	0.74	0.74	0.66	1.35	4.1	4.1	0	0	189	189	707	36.6	2.24	2.24	2.22	0.54
K2Mo2O7	7.5	0.09	0.09	0.18	0.64	10	10	6	2	1.59	1.59	0.59	1.35	2.25	2.25	4.65	0	417	417	163	36.6	19.69	19.69	4.08	0.54
NdBO3	11	0.1	0.1	0.2	0.6	8	8	3	2	1.109	1.109	0.01	1.35	3.19	3.19	5.3	0	252	252	7.38	36.6	9.38	9.38	1.51	0.54
SrSiO3	6.8	0.1	0.1	0.2	0.6	8	8	4	2	1.26	1.26	0.26	1.35	2.4	2.4	4.7	0	373	373	189	36.6	7.6	7.6	2.19	0.54
La4Ti9O24	37	0.055	0.055	0.24	0.65	9	9	8	2	1.216	1.216	0.74	1.35	3.17	3.17	3.8	0	202	202	571	36.6	8.68	8.68	4.49	0.54
Bi12GeO20	38	0.18	0.18	0.03	0.61	8	8	6	2	1.17	1.17	0.53	1.35	4.15	4.15	4.55	0	596	596	235	36.6	4.04	4.04	2.55	0.54
DyAlO3	17.6	0.1	0.1	0.2	0.6	9	9	6	2	1.083	1.083	0.535	1.35	3.21	3.21	4.2	0	344	344	152	36.6	7.74	7.74	5.23	0.54
NiNb2O6	21	0.055	0.055	0.22	0.67	6	6	7	2	0.69	0.69	0.69	1.35	5.2	5.2	4.05	0	144	144	441	36.6	3.12	3.12	4.45	0.54
Li2TiO3	19.8	0.165	0.165	0.17	0.5	6	6	6	2	0.76	0.76	0.605	1.35	2.85	2.85	3.8	0	1.96	1.96	571	36.6	9.1	9.1	4.49	0.54
Sr2TiO4	15	0.145	0.145	0.14	0.57	9	9	6	2	1.31	1.31	0.605	1.35	2.4	2.4	3.8	0	373	373	571	36.6	7.6	7.6	4.49	0.54
Zn2P2O7	7.5	0.09	0.09	0.18	0.64	6	6	5	2	0.74	0.74	0.29	1.35	4.1	4.1	5.55	0	189	189	229	36.6	2.24	2.24	1.34	0.54
Zn3Nb2O8	21	0.115	0.115	0.15	0.62	6	6	6	2	0.74	0.74	0.64	1.35	4.1	4.1	4.05	0	189	189	441	36.6	2.24	2.24	4.45	0.54
Li2MoO4	5.2	0.145	0.145	0.14	0.57	4	4	4	2	0.59	0.59	0.41	1.35	2.85	2.85	4.65	0	1.96	1.96	163	36.6	9.1	9.1	4.08	0.54
LaAlO3	23.4	0.1	0.1	0.2	0.6	12	12	6	2	1.36	1.36	0.535	1.35	3.17	3.17	4.2	0	202	202	152	36.6	8.68	8.68	5.23	0.54
Ba2P2O7	7	0.09	0.09	0.18	0.64	6	6	5	2	1.35	1.35	0.29	1.35	2.32	2.32	5.55	0	461	461	229	36.6	11.07	11.07	1.34	0.54
Pb2MoO5	19.1	0.125	0.125	0.12	0.62	8	8	4	2	1.29	1.29	0.41	1.35	4.1	4.1	4.65	0	579	579	163	36.6	4.16	4.16	4.08	0.54
ZnAl2O4	8.7	0.07	0.07	0.29	0.57	4	4	6	2	0.6	0.6	0.535	1.35	4.1	4.1	4.2	0	189	189	152	36.6	2.24	2.24	5.23	0.54
SmPO4	10.3	0.085	0.085	0.17	0.67	9	9	5	2	1.132	1.132	0.29	1.35	3.2	3.2	5.55	0	284	284	229	36.6	8.62	8.62	1.34	0.54
La4Ti3O12	19.7	0.105	0.105	0.16	0.63	12	12	6	2	1.36	1.36	0.605	1.35	3.17	3.17	3.8	0	202	202	571	36.6	8.68	8.68	4.49	0.54
CrTaO4	9.7	0.085	0.085	0.17	0.67	6	6	6	2	0.615	0.615	0.64	1.35	4.65	4.65	4.05	0	79.8	79.8	444	36.6	4.33	4.33	2.47	0.54
Nd4Ti9O24	37.5	0.055	0.055	0.24	0.65	9	9	6	2	1.163	1.163	0.605	1.35	3.19	3.19	3.8	0	252	252	571	36.6	9.38	9.38	4.49	0.54
TbPO4	7.8	0.085	0.085	0.17	0.67	8	8	4	2	1.04	1.04	0.17	1.35	3.21	3.21	5.55	0	329	329	229	36.6	7.91	7.91	1.34	0.54
Bi2Mo3O12	19	0.06	0.06	0.18	0.71	8	8	7	2	1.17	1.17	0.73	1.35	4.15	4.15	4.65	0	596	596	163	36.6	4.04	4.04	4.08	0.54
MnMoO4	8.5	0.085	0.085	0.17	0.67	6	6	5	2	0.83	0.83	0.5	1.35	4.45	4.45	4.65	0	93	93	163	36.6	3.48	3.48	4.08	0.54
CaMoO4	11.7	0.085	0.085	0.17	0.67	8	8	8	2	1.12	1.12	0.73	1.35	2.55	2.55	4.65	0	468	468	163	36.6	6.22	6.22	4.08	0.54
CaGe2O5	10.9	0.06	0.06	0.25	0.62	8	8	6	2	1.12	1.12	0.53	1.35	2.55	2.55	4.55	0	468	468	235	36.6	6.22	6.22	2.55	0.54
LaGaO3	27	0.1	0.1	0.2	0.6	10	10	6	2	1.27	1.27	0.76	1.35	3.17	3.17	4.1	0	202	202	212	36.6	8.68	8.68	4.47	0.54
MgGa2O4	9.5	0.07	0.07	0.29	0.57	6	6	6	2	0.72	0.72	0.76	1.35	3.45	3.45	4.1	0	121	121	212	36.6	3.18	3.18	4.47	0.54
YAlO3	15.7	0.1	0.1	0.2	0.6	9	9	6	2	1.075	1.075	0.535	1.35	3.2	3.2	4.2	0	396	396	152	36.6	5.57	5.57	5.23	0.54
MnTiO3	20.4	0.1	0.1	0.2	0.6	6	6	6	2	0.83	0.83	0.605	1.35	4.45	4.45	3.8	0	93	93	571	36.6	3.48	3.48	4.49	0.54
NiTiO3	17.8	0.1	0.1	0.2	0.6	6	6	6	2	0.69	0.69	0.605	1.35	5.2	5.2	3.8	0	144	144	571	36.6	3.12	3.12	4.49	0.54
Sr3V2O8	12.2	0.115	0.115	0.15	0.62	12	12	4	2	1.44	1.44	0.355	1.35	2.4	2.4	4.25	0	373	373	68.4	36.6	7.6	7.6	4.48	0.54
Mg3B2O6	7.2	0.135	0.135	0.18	0.55	6	6	4	2	0.72	0.72	0.11	1.35	3.45	3.45	5.3	0	121	121	7.38	36.6	3.18	3.18	1.51	0.54
PrAlO3	23.2	0.1	0.1	0.2	0.6	9	9	6	2	1.179	1.179	0.535	1.35	3.19	3.19	4.2	0	236	236	152	36.6	9.92	9.92	5.23	0.54
Mg5Ta4O15	17	0.105	0.105	0.17	0.62	6	6	6	2	0.72	0.72	0.64	1.35	3.45	3.45	4.05	0	121	121	444	36.6	3.18	3.18	2.47	0.54
MnTa2O6	20.3	0.055	0.055	0.22	0.67	6	6	6	2	0.83	0.83	0.64	1.35	4.45	4.45	4.05	0	93	93	444	36.6	3.48	3.48	2.47	0.54
NiWO4	13.3	0.085	0.085	0.17	0.67	6	6	6	2	0.69	0.69	0.6	1.35	5.2	5.2	4.8	0	144	144	458	36.6	3.12	3.12	2.4	0.54
Dy3Ga5O12	12.2	0.075	0.075	0.25	0.6	8	8	5	2	1.027	1.027	0.55	1.35	3.21	3.21	4.1	0	344	344	212	36.6	7.74	7.74	4.47	0.54
Bi2Te2O8	39	0.085	0.085	0.17	0.67	6	6	8	2	1.03	1.03	0.97	1.35	4.15	4.15	0	0	596	596	707	36.6	4.04	4.04	2.22	0.54
BaWO4	8.1	0.085	0.085	0.17	0.67	12	12	6	2	1.61	1.61	0.6	1.35	2.32	2.32	4.8	0	461	461	458	36.6	11.07	11.07	2.4	0.54
Li2WO4	5.5	0.145	0.145	0.14	0.57	6	6	6	2	0.76	0.76	0.6	1.35	2.85	2.85	4.8	0	1.96	1.96	458	36.6	9.1	9.1	2.4	0.54
La2Mo3O12	10.1	0.06	0.06	0.18	0.71	9	9	8	2	1.216	1.216	0.73	1.35	3.17	3.17	4.65	0	202	202	163	36.6	8.68	8.68	4.08	0.54
Ba2Ti9O20	39	0.03	0.03	0.29	0.65	12	12	6	2	1.61	1.61	0.605	1.35	2.32	2.32	3.8	0	461	461	571	36.6	11.07	11.07	4.49	0.54
SrV2O6	9.66	0.055	0.055	0.22	0.67	6	6	6	2	1.18	1.18	0.54	1.35	2.4	2.4	4.25	0	373	373	68.4	36.6	7.6	7.6	4.48	0.54
MnWO4	14.5	0.085	0.085	0.17	0.67	6	6	6	2	0.83	0.83	0.6	1.35	4.45	4.45	4.8	0	93	93	458	36.6	3.48	3.48	2.4	0.54
Sm2Si2O7	10	0.09	0.09	0.18	0.64	8	8	4	2	1.079	1.079	0.26	1.35	3.2	3.2	4.7	0	284	284	189	36.6	8.62	8.62	2.19	0.54
Sr4Ti3O10	42	0.12	0.12	0.18	0.59	12	12	6	2	1.44	1.44	0.605	1.35	2.4	2.4	3.8	0	373	373	571	36.6	7.6	7.6	4.49	0.54
LaLuO3	22.4	0.1	0.1	0.2	0.6	8	8	6	2	1.16	1.16	0.861	1.35	3.17	3.17	3.22	0	202	202	416	36.6	8.68	8.68	7.73	0.54
Sr5Ta4O15	43.5	0.105	0.105	0.17	0.62	12	12	6	2	1.44	1.44	0.64	1.35	2.4	2.4	4.05	0	373	373	444	36.6	7.6	7.6	2.47	0.54
ZnTa2O6	30.3	0.055	0.055	0.22	0.67	6	6	8	2	0.74	0.74	0.74	1.35	4.1	4.1	4.05	0	189	189	444	36.6	2.24	2.24	2.47	0.54
Zn2SiO4	6.58	0.145	0.145	0.14	0.57	4	4	4	2	0.6	0.6	0.26	1.35	4.1	4.1	4.7	0	189	189	189	36.6	2.24	2.24	2.19	0.54
Zn3B2O6	6.7	0.135	0.135	0.18	0.55	4	4	3	2	0.6	0.6	0.01	1.35	4.1	4.1	5.3	0	189	189	7.38	36.6	2.24	2.24	1.51	0.54
ErNbO4	16.6	0.085	0.085	0.17	0.67	8	8	8	2	1.004	1.004	0.74	1.35	3.22	3.22	4.05	0	373	373	441	36.6	7.46	7.46	4.45	0.54
TiP2O7	11	0.05	0.05	0.2	0.7	4	4	6	2	0.42	0.42	0.38	1.35	3.8	3.8	5.55	0	571	571	229	36.6	4.49	4.49	1.34	0.54
NdVO4	12	0.085	0.085	0.17	0.67	6	6	6	2	0.983	0.983	0.54	1.35	3.19	3.19	4.25	0	252	252	68.4	36.6	9.38	9.38	4.48	0.54
LiNb3O8	24	0.04	0.04	0.25	0.67	6	6	6	2	0.76	0.76	0.64	1.35	2.85	2.85	4.05	0	1.96	1.96	441	36.6	9.1	9.1	4.45	0.54
CaTeO3	17.4	0.1	0.1	0.2	0.6	7	7	6	2	1.06	1.06	0.97	1.35	2.55	2.55	0	0	468	468	707	36.6	6.22	6.22	2.22	0.54
Bi3NbO7	80	0.135	0.135	0.09	0.64	8	8	8	2	1.17	1.17	0.74	1.35	4.15	4.15	4.05	0	596	596	441	36.6	4.04	4.04	4.45	0.54
SrNb2O6	20.1	0.055	0.055	0.22	0.67	9	9	6	2	1.31	1.31	0.64	1.35	2.4	2.4	4.05	0	373	373	441	36.6	7.6	7.6	4.45	0.54
Bi12SiO20	37.6	0.18	0.18	0.03	0.61	8	8	6	2	1.17	1.17	0.4	1.35	4.15	4.15	4.7	0	596	596	189	36.6	4.04	4.04	2.19	0.54
Mg2TiO4	14.2	0.145	0.145	0.14	0.57	6	6	6	2	0.72	0.72	0.605	1.35	3.45	3.45	3.8	0	121	121	571	36.6	3.18	3.18	4.49	0.54
Al2Mo3O12	5.67	0.06	0.06	0.18	0.71	6	6	8	2	0.535	0.535	0.73	1.35	4.2	4.2	4.65	0	152	152	163	36.6	5.23	5.23	4.08	0.54
CdMoO4	10.1	0.085	0.085	0.17	0.67	8	8	8	2	1.1	1.1	0.73	1.35	4.05	4.05	4.65	0	613	613	163	36.6	2.54	2.54	4.08	0.54
BiTaO4	43.5	0.085	0.085	0.17	0.67	8	8	6	2	1.17	1.17	0.64	1.35	4.15	4.15	4.05	0	596	596	444	36.6	4.04	4.04	2.47	0.54
PbMoO4	25.4	0.085	0.085	0.17	0.67	8	8	8	2	1.29	1.29	0.73	1.35	4.1	4.1	4.65	0	579	579	163	36.6	4.16	4.16	4.08	0.54
Mg4Ta2O9	10	0.135	0.135	0.13	0.6	6	6	6	2	0.72	0.72	0.64	1.35	3.45	3.45	4.05	0	121	121	444	36.6	3.18	3.18	2.47	0.54
GdAlO3	18.4	0.1	0.1	0.2	0.6	9	9	6	2	1.107	1.107	0.535	1.35	3.2	3.2	4.2	0	314	314	152	36.6	7.78	7.78	5.23	0.54
SmNbO4	18.8	0.085	0.085	0.17	0.67	8	8	8	2	1.079	1.079	0.74	1.35	3.2	3.2	4.05	0	284	284	441	36.6	8.62	8.62	4.45	0.54
MgTe2O5	10.5	0.06	0.06	0.25	0.62	6	6	6	2	0.72	0.72	0.97	1.35	3.45	3.45	0	0	121	121	707	36.6	3.18	3.18	2.22	0.54
Te2MoO7	13.6	0.1	0.1	0.1	0.7	6	6	6	2	0.97	0.97	0.59	1.35	0	0	4.65	0	707	707	163	36.6	2.22	2.22	4.08	0.54
Sm3Ga5O12	12.3	0.075	0.075	0.25	0.6	8	8	5	2	1.079	1.079	0.55	1.35	3.2	3.2	4.1	0	284	284	212	36.6	8.62	8.62	4.47	0.54
Ba5Nb4O15	40	0.105	0.105	0.17	0.62	12	12	6	2	1.61	1.61	0.64	1.35	2.32	2.32	4.05	0	461	461	441	36.6	11.07	11.07	4.45	0.54
ZnNb2O6	21.5	0.055	0.055	0.22	0.67	6	6	6	2	0.74	0.74	0.64	1.35	4.1	4.1	4.05	0	189	189	441	36.6	2.24	2.24	4.45	0.54
Yb3Ga5O12	11.5	0.075	0.075	0.25	0.6	8	8	5	2	0.985	0.985	0.55	1.35	3.22	3.22	4.1	0	401	401	212	36.6	7.26	7.26	4.47	0.54
AlSbO4	6.3	0.085	0.085	0.17	0.67	6	6	6	2	0.535	0.535	0.6	1.35	4.2	4.2	4.4	0	152	152	288	36.6	5.23	5.23	2.37	0.54
Pb2WO5	16.4	0.125	0.125	0.12	0.62	8	8	4	2	1.29	1.29	0.42	1.35	4.1	4.1	4.8	0	579	579	458	36.6	4.16	4.16	2.4	0.54
LaVO4	14.2	0.085	0.085	0.17	0.67	6	6	6	2	1.032	1.032	0.54	1.35	3.17	3.17	4.25	0	202	202	68.4	36.6	8.68	8.68	4.48	0.54
Nd2SiO5	7.9	0.125	0.125	0.12	0.62	8	8	4	2	1.109	1.109	0.26	1.35	3.19	3.19	4.7	0	252	252	189	36.6	9.38	9.38	2.19	0.54
BaHfO3	24.2	0.1	0.1	0.2	0.6	12	12	6	2	1.61	1.61	0.71	1.35	2.32	2.32	3.6	0	461	461	430	36.6	11.07	11.07	3.19	0.54
CaTa2O6	21.2	0.055	0.055	0.22	0.67	9	9	6	2	1.32	1.32	0.64	1.35	2.55	2.55	4.05	0	468	468	444	36.6	6.22	6.22	2.47	0.54
BaSiO3	11.1	0.1	0.1	0.2	0.6	8	8	4	2	1.42	1.42	0.26	1.35	2.32	2.32	4.7	0	461	461	189	36.6	11.07	11.07	2.19	0.54
YPO4	8	0.085	0.085	0.17	0.67	8	8	4	2	1.019	1.019	0.17	1.35	3.2	3.2	5.55	0	396	396	229	36.6	5.57	5.57	1.34	0.54
CrNbO4	22	0.085	0.085	0.17	0.67	6	6	6	2	0.615	0.615	0.64	1.35	4.65	4.65	4.05	0	79.8	79.8	441	36.6	4.33	4.33	4.45	0.54
SrWO4	8.1	0.085	0.085	0.17	0.67	8	8	6	2	1.26	1.26	0.6	1.35	2.4	2.4	4.8	0	373	373	458	36.6	7.6	7.6	2.4	0.54
(Al0.5Ta0.5)O2	8.7	0.085	0.085	0.17	0.67	6	6	6	2	0.535	0.535	0.64	1.35	4.2	4.2	4.05	0	152	152	444	36.6	5.23	5.23	2.47	0.54
CaTe2O5	19.3	0.06	0.06	0.25	0.62	7	7	6	2	1.06	1.06	0.97	1.35	2.55	2.55	0	0	468	468	707	36.6	6.22	6.22	2.22	0.54
NbAlO4	12	0.085	0.085	0.17	0.67	6	6	6	2	0.64	0.64	0.535	1.35	4.05	4.05	4.2	0	441	441	152	36.6	4.45	4.45	5.23	0.54
Mg2SnO4	8.4	0.145	0.145	0.14	0.57	6	6	6	2	0.72	0.72	0.69	1.35	3.45	3.45	4.15	0	121	121	662	36.6	3.18	3.18	3.02	0.54
Mn2P2O7	7.3	0.09	0.09	0.18	0.64	6	6	5	2	0.83	0.83	0.29	1.35	4.45	4.45	5.55	0	93	93	229	36.6	3.48	3.48	1.34	0.54
Bi2W2O9	32.5	0.075	0.075	0.15	0.69	8	8	6	2	1.17	1.17	0.6	1.35	4.15	4.15	4.8	0	596	596	458	36.6	4.04	4.04	2.4	0.54
YbPO4	8.2	0.085	0.085	0.17	0.67	8	8	4	2	0.985	0.985	0.17	1.35	3.22	3.22	5.55	0	401	401	229	36.6	7.26	7.26	1.34	0.54
ZrSiO4	7.4	0.085	0.085	0.17	0.67	8	8	4	2	0.84	0.84	0.26	1.35	3.45	3.45	4.7	0	419	419	189	36.6	4.63	4.63	2.19	0.54
DyNbO4	17.8	0.17	0.085	0.085	0.67	8	8	8	2	1.027	0.74	0.74	1.35	3.21	4.05	4.05	0	344	441	441	36.6	7.74	4.45	4.45	0.54
NdPO4	8.7	0.17	0.085	0.085	0.67	9	5	5	2	1.163	0.29	0.29	1.35	3.19	5.55	5.55	0	252	229	229	36.6	9.38	1.34	1.34	0.54
Mg2B2O5	6.2	0.22	0.11	0.11	0.56	6	3	3	2	0.72	0.01	0.01	1.35	3.45	5.3	5.3	0	121	7.38	7.38	36.6	3.18	1.51	1.51	0.54
CaNb2O6	17.3	0.11	0.11	0.11	0.67	8	6	6	2	1.12	0.64	0.64	1.35	2.55	4.05	4.05	0	468	441	441	36.6	6.22	4.45	4.45	0.54
Zn2V2O7	9	0.18	0.09	0.09	0.64	5	5	5	2	0.68	0.46	0.46	1.35	4.1	4.25	4.25	0	189	68.4	68.4	36.6	2.24	4.48	4.48	0.54
Nd2Ti2O7	36	0.18	0.09	0.09	0.64	9	6	6	2	1.163	0.605	0.605	1.35	3.19	3.8	3.8	0	252	571	571	36.6	9.38	4.49	4.49	0.54
K2Mo3O10	5.6	0.13	0.1	0.1	0.67	10	6	6	2	1.59	0.59	0.59	1.35	2.25	4.65	4.65	0	417	163	163	36.6	19.69	4.08	4.08	0.54
SmAlO3	20.4	0.2	0.1	0.1	0.6	9	6	6	2	1.132	0.535	0.535	1.35	3.2	4.2	4.2	0	284	152	152	36.6	8.62	5.23	5.23	0.54
BiSbO4	19.3	0.17	0.085	0.085	0.67	8	6	6	2	1.17	0.6	0.6	1.35	4.15	4.4	4.4	0	596	288	288	36.6	4.04	2.37	2.37	0.54
Bi12PbO19	38.6	0.38	0.015	0.015	0.59	8	6	6	2	1.17	1.19	1.19	1.35	4.15	4.1	4.1	0	596	579	579	36.6	4.04	4.16	4.16	0.54
NdGaO3	22	0.2	0.1	0.1	0.6	9	6	6	2	1.163	0.76	0.76	1.35	3.19	4.1	4.1	0	252	212	212	36.6	9.38	4.47	4.47	0.54
Ba3V4O13	9.6	0.15	0.1	0.1	0.65	10	4	4	2	1.52	0.355	0.355	1.35	2.32	4.25	4.25	0	461	68.4	68.4	36.6	11.07	4.48	4.48	0.54
DyPO4	7.8	0.17	0.085	0.085	0.67	8	4	4	2	1.027	0.17	0.17	1.35	3.21	5.55	5.55	0	344	229	229	36.6	7.74	1.34	1.34	0.54
Sr2V2O7	10.4	0.18	0.09	0.09	0.64	8	4	4	2	1.26	0.355	0.355	1.35	2.4	4.25	4.25	0	373	68.4	68.4	36.6	7.6	4.48	4.48	0.54
Nd2Sn2O7	17	0.18	0.09	0.09	0.64	8	6	6	2	1.109	0.69	0.69	1.35	3.19	4.15	4.15	0	252	662	662	36.6	9.38	3.02	3.02	0.54
Ba2V2O7	7	0.18	0.09	0.09	0.64	8	4	4	2	1.42	0.355	0.355	1.35	2.32	4.25	4.25	0	461	68.4	68.4	36.6	11.07	4.48	4.48	0.54
LaBO3	11.8	0.2	0.1	0.1	0.6	9	3	3	2	1.216	0.01	0.01	1.35	3.17	5.3	5.3	0	202	7.38	7.38	36.6	8.68	1.51	1.51	0.54
Zn2GeO4	6.9	0.29	0.07	0.07	0.57	4	4	4	2	0.6	0.39	0.39	1.35	4.1	4.55	4.55	0	189	235	235	36.6	2.24	2.55	2.55	0.54
CaAl2O4	8.9	0.14	0.145	0.145	0.57	6	6	6	2	1	0.535	0.535	1.35	2.55	4.2	4.2	0	468	152	152	36.6	6.22	5.23	5.23	0.54
SrHfO3	23.5	0.2	0.1	0.1	0.6	12	6	6	2	1.44	0.71	0.71	1.35	2.4	3.6	3.6	0	373	430	430	36.6	7.6	3.19	3.19	0.54
Li2ZrO3	14.1	0.33	0.085	0.085	0.5	6	6	6	2	0.76	0.72	0.72	1.35	2.85	3.45	3.45	0	1.96	419	419	36.6	9.1	4.63	4.63	0.54
Sr5Nb4O15	40	0.21	0.085	0.085	0.62	12	6	6	2	1.44	0.64	0.64	1.35	2.4	4.05	4.05	0	373	441	441	36.6	7.6	4.45	4.45	0.54
Sm2Mo4O15	10.7	0.1	0.095	0.095	0.71	8	7	7	2	1.079	0.73	0.73	1.35	3.2	4.65	4.65	0	284	163	163	36.6	8.62	4.08	4.08	0.54
K2Mo4O13	6.8	0.11	0.105	0.105	0.68	10	6	6	2	1.59	0.59	0.59	1.35	2.25	4.65	4.65	0	417	163	163	36.6	19.69	4.08	4.08	0.54
BaTeO3	10	0.2	0.1	0.1	0.6	9	6	6	2	1.47	0.97	0.97	1.35	2.32	0	0	0	461	707	707	36.6	11.07	2.22	2.22	0.54
NiTa2O6	25	0.11	0.11	0.11	0.67	6	6	6	2	0.69	0.64	0.64	1.35	5.2	4.05	4.05	0	144	444	444	36.6	3.12	2.47	2.47	0.54
Bi6B10O24	10.2	0.15	0.125	0.125	0.6	8	4	4	2	1.17	0.11	0.11	1.35	4.15	5.3	5.3	0	596	7.38	7.38	36.6	4.04	1.51	1.51	0.54
CeTe2O6	15.2	0.11	0.11	0.11	0.67	8	6	6	2	0.97	0.97	0.97	1.35	3.18	0	0	0	219	707	707	36.6	10.35	2.22	2.22	0.54
Al2SiO5	5.3	0.25	0.06	0.06	0.62	6	4	4	2	0.535	0.26	0.26	1.35	4.2	4.7	4.7	0	152	189	189	36.6	5.23	2.19	2.19	0.54
Bi2Mo2O9	38	0.15	0.075	0.075	0.69	8	8	8	2	1.17	0.73	0.73	1.35	4.15	4.65	4.65	0	596	163	163	36.6	4.04	4.08	4.08	0.54
Li2CeO3	15.8	0.33	0.085	0.085	0.5	6	6	6	2	0.76	0.87	0.87	1.35	2.85	3.18	3.18	0	1.96	219	219	36.6	9.1	10.35	10.35	0.54
ZnGa2O4	10.4	0.14	0.145	0.145	0.57	4	6	6	2	0.6	0.62	0.62	1.35	4.1	4.1	4.1	0	189	212	212	36.6	2.24	4.47	4.47	0.54
CoTa2O6	29	0.11	0.11	0.11	0.67	6	6	6	2	0.7	0.64	0.64	1.35	5.1	4.05	4.05	0	125	444	444	36.6	3.01	2.47	2.47	0.54
Co4Nb2O9	16	0.27	0.065	0.065	0.6	6	6	6	2	0.7	0.64	0.64	1.35	5.1	4.05	4.05	0	125	441	441	36.6	3.01	4.45	4.45	0.54
CaV2O6	10.2	0.11	0.11	0.11	0.67	8	6	6	2	1.12	0.54	0.54	1.35	2.55	4.25	4.25	0	468	68.4	68.4	36.6	6.22	4.48	4.48	0.54
MgAl2O4	8.5	0.14	0.145	0.145	0.57	4	6	6	2	0.57	0.535	0.535	1.35	3.45	4.2	4.2	0	121	152	152	36.6	3.18	5.23	5.23	0.54
Eu3Ga5O12	12.5	0.15	0.125	0.125	0.6	8	5	5	2	1.066	0.55	0.55	1.35	3.2	4.1	4.1	0	299	212	212	36.6	8.38	4.47	4.47	0.54
Ag2MoO4	8.1	0.29	0.07	0.07	0.57	6	8	8	2	1.15	0.73	0.73	1.35	4.35	4.65	4.65	0	586	163	163	36.6	3.29	4.08	4.08	0.54
BaTe4O9	17.5	0.07	0.145	0.145	0.64	10	6	6	2	1.52	0.97	0.97	1.35	2.32	0	0	0	461	707	707	36.6	11.07	2.22	2.22	0.54
Ca3Si2O7	7.8	0.25	0.085	0.085	0.58	7	4	4	2	1.06	0.26	0.26	1.35	2.55	4.7	4.7	0	468	189	189	36.6	6.22	2.19	2.19	0.54
SmBO3	9.3	0.2	0.1	0.1	0.6	8	3	3	2	1.079	0.01	0.01	1.35	3.2	5.3	5.3	0	284	7.38	7.38	36.6	8.62	1.51	1.51	0.54
Sr2P2O7	7.1	0.18	0.09	0.09	0.64	6	5	5	2	1.18	0.29	0.29	1.35	2.4	5.55	5.55	0	373	229	229	36.6	7.6	1.34	1.34	0.54
Nd2Mo3O12	8.2	0.12	0.09	0.09	0.71	8	8	8	2	1.109	0.73	0.73	1.35	3.19	4.65	4.65	0	252	163	163	36.6	9.38	4.08	4.08	0.54
BaZrO3	35	0.2	0.1	0.1	0.6	12	6	6	2	1.61	0.72	0.72	1.35	2.32	3.45	3.45	0	461	419	419	36.6	11.07	4.63	4.63	0.54
MgSiO3	6.7	0.2	0.1	0.1	0.6	4	4	4	2	0.57	0.26	0.26	1.35	3.45	4.7	4.7	0	121	189	189	36.6	3.18	2.19	2.19	0.54
CoTiO3	19.5	0.2	0.1	0.1	0.6	6	6	6	2	0.7	0.605	0.605	1.35	5.1	3.8	3.8	0	125	571	571	36.6	3.01	4.49	4.49	0.54
AlNbO4	12	0.17	0.085	0.085	0.67	6	6	6	2	0.535	0.64	0.64	1.35	4.2	4.05	4.05	0	152	441	441	36.6	5.23	4.45	4.45	0.54
CaSiO3	8.4	0.2	0.1	0.1	0.6	6	4	4	2	1	0.26	0.26	1.35	2.55	4.7	4.7	0	468	189	189	36.6	6.22	2.19	2.19	0.54
Cu3Nb2O8	11.2	0.23	0.075	0.075	0.62	6	6	6	2	0.73	0.64	0.64	1.35	4.45	4.05	4.05	0	166	441	441	36.6	3.01	4.45	4.45	0.54
Mg2P2O7	6.1	0.18	0.09	0.09	0.64	6	5	5	2	0.72	0.29	0.29	1.35	3.45	5.55	5.55	0	121	229	229	36.6	3.18	1.34	1.34	0.54
CuNb2O6	17.1	0.11	0.11	0.11	0.67	6	6	6	2	0.73	0.64	0.64	1.35	4.45	4.05	4.05	0	166	441	441	36.6	3.01	4.45	4.45	0.54
Ba5Ta4O15	30	0.21	0.085	0.085	0.62	12	6	6	2	1.61	0.64	0.64	1.35	2.32	4.05	4.05	0	461	444	444	36.6	11.07	2.47	2.47	0.54
NdNbO4	19.6	0.17	0.085	0.085	0.67	8	8	8	2	1.109	0.74	0.74	1.35	3.19	4.05	4.05	0	252	441	441	36.6	9.38	4.45	4.45	0.54
CaZrO3	27	0.2	0.1	0.1	0.6	8	6	6	2	1.12	0.72	0.72	1.35	2.55	3.45	3.45	0	468	419	419	36.6	6.22	4.63	4.63	0.54
TiTe3O8	36	0.08	0.125	0.125	0.67	8	6	6	2	0.74	0.97	0.97	1.35	3.8	0	0	0	571	707	707	36.6	4.49	2.22	2.22	0.54
CePO4	11.1	0.17	0.085	0.085	0.67	8	4	4	2	1.143	0.17	0.17	1.35	3.18	5.55	5.55	0	219	229	229	36.6	10.35	1.34	1.34	0.54
Y3Al5O12	10.4	0.15	0.125	0.125	0.6	8	5	5	2	1.019	0.48	0.48	1.35	3.2	4.2	4.2	0	396	152	152	36.6	5.57	5.23	5.23	0.54
Na2Mo2O7	12.9	0.18	0.09	0.09	0.64	9	6	6	2	1.24	0.59	0.59	1.35	2.7	4.65	4.65	0	95.3	163	163	36.6	11.8	4.08	4.08	0.54
Mn4Nb2O9	16	0.27	0.065	0.065	0.6	6	6	6	2	0.83	0.64	0.64	1.35	4.45	4.05	4.05	0	93	441	441	36.6	3.48	4.45	4.45	0.54
Bi4B2O9	38.8	0.27	0.065	0.065	0.6	8	3	3	2	1.17	0.01	0.01	1.35	4.15	5.3	5.3	0	596	7.38	7.38	36.6	4.04	1.51	1.51	0.54
Ba3V2O8	12.3	0.23	0.075	0.075	0.62	12	4	4	2	1.61	0.355	0.355	1.35	2.32	4.25	4.25	0	461	68.4	68.4	36.6	11.07	4.48	4.48	0.54
Mg4Nb2O9	11	0.27	0.065	0.065	0.6	6	6	6	2	0.72	0.64	0.64	1.35	3.45	4.05	4.05	0	121	441	441	36.6	3.18	4.45	4.45	0.54
LaYbO3	26	0.2	0.1	0.1	0.6	8	6	6	2	1.16	0.868	0.868	1.35	3.17	3.22	3.22	0	202	401	401	36.6	8.68	7.26	7.26	0.54
MgTiO3	17.4	0.2	0.1	0.1	0.6	6	6	6	2	0.72	0.605	0.605	1.35	3.45	3.8	3.8	0	121	571	571	36.6	3.18	4.49	4.49	0.54
Mg5Nb4O15	11	0.21	0.085	0.085	0.62	6	6	6	2	0.72	0.64	0.64	1.35	3.45	4.05	4.05	0	121	441	441	36.6	3.18	4.45	4.45	0.54
CoWO4	10.7	0.17	0.085	0.085	0.67	6	6	6	2	0.7	0.6	0.6	1.35	5.1	4.8	4.8	0	125	458	458	36.6	3.01	2.4	2.4	0.54
CaGeO3	8.9	0.2	0.1	0.1	0.6	6	4	4	2	1	0.39	0.39	1.35	2.55	4.55	4.55	0	468	235	235	36.6	6.22	2.55	2.55	0.54
Li3NbO4	15.8	0.38	0.06	0.06	0.5	6	6	6	2	0.76	0.64	0.64	1.35	2.85	4.05	4.05	0	1.96	441	441	36.6	9.1	4.45	4.45	0.54
La2Sn2O7	14.4	0.18	0.09	0.09	0.64	8	6	6	2	1.16	0.69	0.69	1.35	3.17	4.15	4.15	0	202	662	662	36.6	8.68	3.02	3.02	0.54
MnNb2O6	20.9	0.11	0.11	0.11	0.67	8	6	6	2	0.96	0.64	0.64	1.35	4.45	4.05	4.05	0	93	441	441	36.6	3.48	4.45	4.45	0.54
BaTe2O6	21	0.11	0.11	0.11	0.67	12	6	6	2	1.61	0.97	0.97	1.35	2.32	0	0	0	461	707	707	36.6	11.07	2.22	2.22	0.54
Bi2Ti4O11	47	0.12	0.12	0.12	0.65	8	6	6	2	1.17	0.605	0.605	1.35	4.15	3.8	3.8	0	596	571	571	36.6	4.04	4.49	4.49	0.54
MgTa2O6	30.6	0.11	0.11	0.11	0.67	6	8	8	2	0.72	0.74	0.74	1.35	3.45	4.05	4.05	0	121	444	444	36.6	3.18	2.47	2.47	0.54
MgGeO3	6.8	0.2	0.1	0.1	0.6	6	4	4	2	0.72	0.39	0.39	1.35	3.45	4.55	4.55	0	121	235	235	36.6	3.18	2.55	2.55	0.54
PbWO4	21.4	0.17	0.085	0.085	0.67	8	6	6	2	1.29	0.6	0.6	1.35	4.1	4.8	4.8	0	579	458	458	36.6	4.16	2.4	2.4	0.54
Zn2TiO4	20.2	0.29	0.07	0.07	0.57	8	6	6	2	0.9	0.605	0.605	1.35	4.1	3.8	3.8	0	189	571	571	36.6	2.24	4.49	4.49	0.54
Mn2SiO4	8.5	0.29	0.07	0.07	0.57	6	4	4	2	0.83	0.26	0.26	1.35	4.45	4.7	4.7	0	93	189	189	36.6	3.48	2.19	2.19	0.54
ZnWO4	13.5	0.17	0.085	0.085	0.67	8	6	6	2	0.9	0.6	0.6	1.35	4.1	4.8	4.8	0	189	458	458	36.6	2.24	2.4	2.4	0.54
CaHfO3	21.4	0.2	0.1	0.1	0.6	8	6	6	2	1.12	0.71	0.71	1.35	2.55	3.6	3.6	0	468	430	430	36.6	6.22	3.19	3.19	0.54
Li2MnO3	13.6	0.33	0.085	0.085	0.5	6	6	6	2	0.76	0.53	0.53	1.35	2.85	4.45	4.45	0	1.96	93	93	36.6	9.1	3.48	3.48	0.54
La2Ti2O7	43	0.18	0.09	0.09	0.64	10	6	6	2	1.27	0.605	0.605	1.35	3.17	3.8	3.8	0	202	571	571	36.6	8.68	4.49	4.49	0.54
SrZrO3	30	0.2	0.1	0.1	0.6	10	6	6	2	1.36	0.72	0.72	1.35	2.4	3.45	3.45	0	373	419	419	36.6	7.6	4.63	4.63	0.54
Sr2SiO4	9.5	0.29	0.07	0.07	0.57	8	4	4	2	1.26	0.26	0.26	1.35	2.4	4.7	4.7	0	373	189	189	36.6	7.6	2.19	2.19	0.54
Nd2Ti4O11	39.3	0.12	0.12	0.12	0.65	8	6	6	2	1.109	0.605	0.605	1.35	3.19	3.8	3.8	0	252	571	571	36.6	9.38	4.49	4.49	0.54
ErAlO3	16.3	0.2	0.1	0.1	0.6	8	6	6	2	1.004	0.535	0.535	1.35	3.22	4.2	4.2	0	373	152	152	36.6	7.46	5.23	5.23	0.54
SrMoO4	9.5	0.17	0.085	0.085	0.67	8	8	8	2	1.26	0.73	0.73	1.35	2.4	4.65	4.65	0	373	163	163	36.6	7.6	4.08	4.08	0.54
NdAlO3	22	0.2	0.1	0.1	0.6	12	6	6	2	1.27	0.535	0.535	1.35	3.19	4.2	4.2	0	252	152	152	36.6	9.38	5.23	5.23	0.54
Ba2SiO4	13.1	0.29	0.07	0.07	0.57	9	4	4	2	1.47	0.26	0.26	1.35	2.32	4.7	4.7	0	461	189	189	36.6	11.07	2.19	2.19	0.54
Ca2P2O7	7.8	0.18	0.09	0.09	0.64	6	5	5	2	1	0.29	0.29	1.35	2.55	5.55	5.55	0	468	229	229	36.6	6.22	1.34	1.34	0.54
Bi8TiO14	47.4	0.35	0.02	0.02	0.61	8	8	8	2	1.17	0.74	0.74	1.35	4.15	3.8	3.8	0	596	571	571	36.6	4.04	4.49	4.49	0.54
Sr3Ti2O7	26	0.25	0.085	0.085	0.58	12	6	6	2	1.44	0.605	0.605	1.35	2.4	3.8	3.8	0	373	571	571	36.6	7.6	4.49	4.49	0.54
Li2Mo4O13	8.8	0.11	0.105	0.105	0.68	6	6	6	2	0.76	0.59	0.59	1.35	2.85	4.65	4.65	0	1.96	163	163	36.6	9.1	4.08	4.08	0.54
MgTi2O5	17.4	0.12	0.125	0.125	0.62	6	6	6	2	0.72	0.605	0.605	1.35	3.45	3.8	3.8	0	121	571	571	36.6	3.18	4.49	4.49	0.54
Na2MoO4	4.1	0.29	0.07	0.07	0.57	6	6	6	2	1.02	0.59	0.59	1.35	2.7	4.65	4.65	0	95.3	163	163	36.6	11.8	4.08	4.08	0.54
Nd3Ga5O12	12.4	0.15	0.125	0.125	0.6	8	5	5	2	1.109	0.55	0.55	1.35	3.19	4.1	4.1	0	252	212	212	36.6	9.38	4.47	4.47	0.54
Ba3(VO4)2	13	0.23	0.075	0.075	0.62	12	4	4	2	1.61	0.355	0.355	1.35	2.32	4.25	4.25	0	461	68.4	68.4	36.6	11.07	4.48	4.48	0.54
SmVO4	11.7	0.17	0.085	0.085	0.67	8	6	6	2	1.079	0.54	0.54	1.35	3.2	4.25	4.25	0	284	68.4	68.4	36.6	8.62	4.48	4.48	0.54
Bi2MoO6	31	0.22	0.055	0.055	0.67	9	8	8	2	1.17	0.73	0.73	1.35	4.15	4.65	4.65	0	596	163	163	36.6	4.04	4.08	4.08	0.54
ZnGeO3	6.6	0.2	0.1	0.1	0.6	6	4	4	2	0.74	0.39	0.39	1.35	4.1	4.55	4.55	0	189	235	235	36.6	2.24	2.55	2.55	0.54
Sm2SiO5	8.4	0.25	0.06	0.06	0.62	8	4	4	2	1.079	0.26	0.26	1.35	3.2	4.7	4.7	0	284	189	189	36.6	8.62	2.19	2.19	0.54
CeAlO3	20.7	0.2	0.1	0.1	0.6	12	6	6	2	1.34	0.535	0.535	1.35	3.18	4.2	4.2	0	219	152	152	36.6	10.35	5.23	5.23	0.54
HfSiO4	7	0.17	0.085	0.085	0.67	8	4	4	2	0.83	0.26	0.26	1.35	3.6	4.7	4.7	0	430	189	189	36.6	3.19	2.19	2.19	0.54
ZnTiO3	19	0.2	0.1	0.1	0.6	6	6	6	2	0.74	0.605	0.605	1.35	4.1	3.8	3.8	0	189	571	571	36.6	2.24	4.49	4.49	0.54
ZrTe3O8	67.5	0.08	0.125	0.125	0.67	8	6	6	2	0.84	0.97	0.97	1.35	3.45	0	0	0	419	707	707	36.6	4.63	2.22	2.22	0.54
CaWO4	8.7	0.17	0.085	0.085	0.67	8	6	6	2	1.12	0.6	0.6	1.35	2.55	4.8	4.8	0	468	458	458	36.6	6.22	2.4	2.4	0.54
Na6Mo11O36	9.9	0.11	0.105	0.105	0.68	8	6	6	2	1.18	0.59	0.59	1.35	2.7	4.65	4.65	0	95.3	163	163	36.6	11.8	4.08	4.08	0.54
Mg2SiO4	6.8	0.29	0.07	0.07	0.57	6	4	4	2	0.72	0.26	0.26	1.35	3.45	4.7	4.7	0	121	189	189	36.6	3.18	2.19	2.19	0.54
ZrTiO4	42	0.17	0.085	0.085	0.67	8	6	6	2	0.84	0.605	0.605	1.35	3.45	3.8	3.8	0	419	571	571	36.6	4.63	4.49	4.49	0.54
Ca3WO6	15.3	0.3	0.05	0.05	0.6	7	6	6	2	1.06	0.6	0.6	1.35	2.55	4.8	4.8	0	468	458	458	36.6	6.22	2.4	2.4	0.54
ZnMoO4	8.7	0.17	0.085	0.085	0.67	6	5	5	2	0.74	0.61	0.61	1.35	4.1	4.65	4.65	0	189	163	163	36.6	2.24	4.08	4.08	0.54
ZnV2O6	16	0.11	0.11	0.11	0.67	8	6	6	2	0.9	0.54	0.54	1.35	4.1	4.25	4.25	0	189	68.4	68.4	36.6	2.24	4.48	4.48	0.54
BaMoO4	9	0.17	0.085	0.085	0.67	12	8	8	2	1.61	0.73	0.73	1.35	2.32	4.65	4.65	0	461	163	163	36.6	11.07	4.08	4.08	0.54
