formula	Qf	Ax	Bx	Cx	Acn	Bcn	Ccn	Air	Bir	Cir	Aap	Bap	Cap	Aen	Ben	Cen	Amac	Bmac	Cmac	Aaw	Baw	Caw	Aym	Bym	Cym	Ame	Bme	Cme	DK
LaGaO3	97000	0.2	0.2	0.6	10	6	2	1.27	0.76	1.35	8.68	4.47	0.54	3.1	3.2	7.54	202	212	36.6	138.906	69.723	15.999	37.9	9.8	0	10	5.59	0.444	27
Li2MnO3	97000	0.33	0.17	0.5	6	6	2	0.76	0.53	1.35	9.1	3.48	0.54	3.01	3.72	7.54	1.96	93	36.6	6.941	54.938	15.999	4.9	191	0	2.93	13.4	0.444	13.6
ZnGa2O4	94600	0.14	0.29	0.57	4	6	2	0.6	0.62	1.35	2.24	4.47	0.54	4.45	3.2	7.54	189	212	36.6	65.39	69.723	15.999	104.5	9.8	0	7.28	5.59	0.444	10.4
MgNb2O6	93800	0.11	0.22	0.67	6	7	2	0.72	0.69	1.35	3.18	4.45	0.54	8.3	4	7.54	121	441	36.6	24.305	92.906	15.999	44.7	104.9	0	8.9	26.8	0.444	21.4
ZnTa2O6	87580	0.11	0.22	0.67	6	8	2	0.74	0.74	1.35	2.24	2.47	0.54	4.45	4.11	7.54	189	444	36.6	65.39	180.948	15.999	104.5	185.7	0	7.28	24.7	0.444	30.3
NdGaO3	85000	0.2	0.2	0.6	9	6	2	1.163	0.76	1.35	9.38	4.47	0.54	3	3.2	7.54	252	212	36.6	144.24	69.723	15.999	41.4	9.8	0	7.1	5.59	0.444	22
ZnNb2O6	84500	0.11	0.22	0.67	6	6	2	0.74	0.64	1.35	2.24	4.45	0.54	4.45	4	7.54	189	441	36.6	65.39	92.906	15.999	104.5	104.9	0	7.28	26.8	0.444	21.5
Zn3Nb2O8	83300	0.23	0.15	0.62	6	6	2	0.74	0.64	1.35	2.24	4.45	0.54	4.45	4	7.54	189	441	36.6	65.39	92.906	15.999	104.5	104.9	0	7.28	26.8	0.444	21
CoNb2O6	81000	0.11	0.22	0.67	6	7	2	0.7	0.69	1.35	3.01	4.45	0.54	4.3	4	7.54	125	441	36.6	58.933	92.906	15.999	211	104.9	0	16.3	26.8	0.444	20.5
Nd2Mo3O12	80000	0.12	0.18	0.71	8	8	2	1.109	0.73	1.35	9.38	4.08	0.54	3	3.9	7.54	252	163	36.6	144.24	95.94	15.999	41.4	324.8	0	7.1	28	0.444	8.2
MgMoO4	79100	0.17	0.17	0.67	6	6	2	0.72	0.59	1.35	3.18	4.08	0.54	8.3	3.9	7.54	121	163	36.6	24.305	95.94	15.999	44.7	324.8	0	8.9	28	0.444	7.1
TiP2O7	77000	0.1	0.2	0.7	4	6	2	0.42	0.38	1.35	4.49	1.34	0.54	3.45	5.62	7.54	571	229	36.6	47.88	30.974	15.999	120.2	0	0	18.8	2.51	0.444	11
LaBO3	76900	0.2	0.2	0.6	9	3	2	1.216	0.01	1.35	8.68	1.51	0.54	3.1	4.29	7.54	202	7.38	36.6	138.906	10.811	15.999	37.9	0	0	10	23.6	0.444	11.8
CaWO4	75000	0.17	0.17	0.67	8	6	2	1.12	0.6	1.35	6.22	2.4	0.54	2.2	4.4	7.54	468	458	36.6	40.078	183.85	15.999	19.6	411	0	8.6	35	0.444	8.7
YbPO4	71600	0.17	0.17	0.67	8	4	2	0.985	0.17	1.35	7.26	1.34	0.54	3.5	5.62	7.54	401	229	36.6	173.04	30.974	15.999	23.9	0	0	9.2	2.51	0.444	8.2
BiSbO4	70000	0.17	0.17	0.67	8	6	2	1.17	0.6	1.35	4.04	2.37	0.54	4.69	4.85	7.54	596	288	36.6	208.98	121.75	15.999	34	54.7	0	10.9	39.7	0.444	19.3
CePO4	68500	0.17	0.17	0.67	8	4	2	1.143	0.17	1.35	10.35	1.34	0.54	3	5.62	7.54	219	229	36.6	140.115	30.974	15.999	33.5	0	0	8.9	2.51	0.444	11.1
LaAlO3	68000	0.2	0.2	0.6	12	6	2	1.36	0.535	1.35	8.68	5.23	0.54	3.1	3.23	7.54	202	152	36.6	138.906	26.982	15.999	37.9	70.6	0	10	10.5	0.444	23.4
YPO4	67900	0.17	0.17	0.67	8	4	2	1.019	0.17	1.35	5.57	1.34	0.54	3.19	5.62	7.54	396	229	36.6	88.906	30.974	15.999	66.3	0	0	11.5	2.51	0.444	8
Zn2Te3O8	66000	0.15	0.23	0.62	6	4	2	0.74	0.66	1.35	2.24	2.22	0.54	4.45	5.49	7.54	189	707	36.6	65.39	127.6	15.999	104.5	47.1	0	7.28	34.98	0.444	16.2
SmAlO3	65000	0.2	0.2	0.6	9	6	2	1.132	0.535	1.35	8.62	5.23	0.54	3.1	3.23	7.54	284	152	36.6	150.36	26.982	15.999	49.7	70.6	0	10.9	10.5	0.444	20.4
LaPO4	64500	0.17	0.17	0.67	8	4	2	1.16	0.17	1.35	8.68	1.34	0.54	3.1	5.62	7.54	202	229	36.6	138.906	30.974	15.999	37.9	0	0	10	2.51	0.444	10.4
Sm2SiO5	64000	0.25	0.12	0.62	8	4	2	1.079	0.26	1.35	8.62	2.19	0.54	3.1	4.77	7.54	284	189	36.6	150.36	28.086	15.999	49.7	113	0	10.9	50.6	0.444	8.4
Sm2Mo4O15	63500	0.1	0.19	0.71	8	7	2	1.079	0.73	1.35	8.62	4.08	0.54	3.1	3.9	7.54	284	163	36.6	150.36	95.94	15.999	49.7	324.8	0	10.9	28	0.444	10.7
ZnWO4	62800	0.17	0.17	0.67	8	6	2	0.9	0.6	1.35	2.24	2.4	0.54	4.45	4.4	7.54	189	458	36.6	65.39	183.85	15.999	104.5	411	0	7.28	35	0.444	13.5
CoTiO3	62500	0.2	0.2	0.6	6	6	2	0.7	0.605	1.35	3.01	4.49	0.54	4.3	3.45	7.54	125	571	36.6	58.933	47.88	15.999	211	120.2	0	16.3	18.8	0.444	19.5
Na2Mo2O7	62400	0.18	0.18	0.64	9	6	2	1.24	0.59	1.35	11.8	4.08	0.54	2.85	3.9	7.54	95.3	163	36.6	22.99	95.94	15.999	6.8	324.8	0	2.64	28	0.444	12.9
Li2WO4	62000	0.29	0.14	0.57	6	6	2	0.76	0.6	1.35	9.1	2.4	0.54	3.01	4.4	7.54	1.96	458	36.6	6.941	183.85	15.999	4.9	411	0	2.93	35	0.444	5.5
BaTi5O11	61100	0.06	0.29	0.65	12	6	2	1.61	0.605	1.35	11.07	4.49	0.54	2.4	3.45	7.54	461	571	36.6	137.327	47.88	15.999	12.8	120.2	0	7.8	18.8	0.444	42
MgTe2O5	61000	0.12	0.25	0.62	6	6	2	0.72	0.97	1.35	3.18	2.22	0.54	8.3	5.49	7.54	121	707	36.6	24.305	127.6	15.999	44.7	47.1	0	8.9	34.98	0.444	10.5
SrMoO4	61000	0.17	0.17	0.67	8	8	2	1.26	0.73	1.35	7.6	4.08	0.54	2	3.9	7.54	373	163	36.6	87.62	95.94	15.999	15.7	324.8	0	8.2	28	0.444	9.5
(Al0.5Ta0.5)O2	60800	0.17	0.17	0.67	6	6	2	0.535	0.64	1.35	5.23	2.47	0.54	3.23	4.11	7.54	152	444	36.6	26.982	180.948	15.999	70.6	185.7	0	10.5	24.7	0.444	8.7
SmPO4	60500	0.17	0.17	0.67	9	5	2	1.132	0.29	1.35	8.62	1.34	0.54	3.1	5.62	7.54	284	229	36.6	150.36	30.974	15.999	49.7	0	0	10.9	2.51	0.444	10.3
Yb3Ga5O12	60300	0.15	0.25	0.6	8	5	2	0.985	0.55	1.35	7.26	4.47	0.54	3.5	3.2	7.54	401	212	36.6	173.04	69.723	15.999	23.9	9.8	0	9.2	5.59	0.444	11.5
La2Mo3O12	60000	0.12	0.18	0.71	9	8	2	1.216	0.73	1.35	8.68	4.08	0.54	3.1	3.9	7.54	202	163	36.6	138.906	95.94	15.999	37.9	324.8	0	10	28	0.444	10.1
NdPO4	59500	0.17	0.17	0.67	9	5	2	1.163	0.29	1.35	9.38	1.34	0.54	3	5.62	7.54	252	229	36.6	144.24	30.974	15.999	41.4	0	0	7.1	2.51	0.444	8.7
Zn3B2O6	58500	0.27	0.18	0.55	4	3	2	0.6	0.01	1.35	2.24	1.51	0.54	4.45	4.29	7.54	189	7.38	36.6	65.39	10.811	15.999	104.5	0	0	7.28	23.6	0.444	6.7
Mg2V2O7	58200	0.18	0.18	0.64	6	6	2	0.72	0.54	1.35	3.18	4.48	0.54	8.3	3.6	7.54	121	68.4	36.6	24.305	50.942	15.999	44.7	127.6	0	8.9	17.5	0.444	10.5
MgTa2O6	58200	0.11	0.22	0.67	6	8	2	0.72	0.74	1.35	3.18	2.47	0.54	8.3	4.11	7.54	121	444	36.6	24.305	180.948	15.999	44.7	185.7	0	8.9	24.7	0.444	30.6
LiNb3O8	58000	0.08	0.25	0.67	6	6	2	0.76	0.64	1.35	9.1	4.45	0.54	3.01	4	7.54	1.96	441	36.6	6.941	92.906	15.999	4.9	104.9	0	2.93	26.8	0.444	24
NdAlO3	58000	0.2	0.2	0.6	12	6	2	1.27	0.535	1.35	9.38	5.23	0.54	3	3.23	7.54	252	152	36.6	144.24	26.982	15.999	41.4	70.6	0	7.1	10.5	0.444	22
YAlO3	58000	0.2	0.2	0.6	9	6	2	1.075	0.535	1.35	5.57	5.23	0.54	3.19	3.23	7.54	396	152	36.6	88.906	26.982	15.999	66.3	70.6	0	11.5	10.5	0.444	15.7
Na6Mo11O36	57000	0.11	0.21	0.68	8	6	2	1.18	0.59	1.35	11.8	4.08	0.54	2.85	3.9	7.54	95.3	163	36.6	22.99	95.94	15.999	6.8	324.8	0	2.64	28	0.444	9.9
ZnAl2O4	57000	0.14	0.29	0.57	4	6	2	0.6	0.535	1.35	2.24	5.23	0.54	4.45	3.23	7.54	189	152	36.6	65.39	26.982	15.999	104.5	70.6	0	7.28	10.5	0.444	8.7
LuNbO4	56600	0.17	0.17	0.67	8	8	2	0.977	0.74	1.35	7.73	4.45	0.54	3	4	7.54	416	441	36.6	174.967	92.906	15.999	68.6	104.9	0	19.2	26.8	0.444	17.4
SmNbO4	56300	0.17	0.17	0.67	8	8	2	1.079	0.74	1.35	8.62	4.45	0.54	3.1	4	7.54	284	441	36.6	150.36	92.906	15.999	49.7	104.9	0	10.9	26.8	0.444	18.8
Ba3V4O13	56000	0.15	0.2	0.65	10	4	2	1.52	0.355	1.35	11.07	4.48	0.54	2.4	3.6	7.54	461	68.4	36.6	137.327	50.942	15.999	12.8	127.6	0	7.8	17.5	0.444	9.6
SrWO4	56000	0.17	0.17	0.67	8	6	2	1.26	0.6	1.35	7.6	2.4	0.54	2	4.4	7.54	373	458	36.6	87.62	183.85	15.999	15.7	411	0	8.2	35	0.444	8.1
BaWO4	56000	0.17	0.17	0.67	12	6	2	1.61	0.6	1.35	11.07	2.4	0.54	2.4	4.4	7.54	461	458	36.6	137.327	183.85	15.999	12.8	411	0	7.8	35	0.444	8.1
Mg2SnO4	55100	0.29	0.14	0.57	6	6	2	0.72	0.69	1.35	3.18	3.02	0.54	8.3	4.3	7.54	121	662	36.6	24.305	118.71	15.999	44.7	49.9	0	8.9	7.07	0.444	8.4
Li3NbO4	55000	0.38	0.12	0.5	6	6	2	0.76	0.64	1.35	9.1	4.45	0.54	3.01	4	7.54	1.96	441	36.6	6.941	92.906	15.999	4.9	104.9	0	2.93	26.8	0.444	15.8
CaMoO4	55000	0.17	0.17	0.67	8	8	2	1.12	0.73	1.35	6.22	4.08	0.54	2.2	3.9	7.54	468	163	36.6	40.078	95.94	15.999	19.6	324.8	0	8.6	28	0.444	11.7
BaTe4O9	54700	0.07	0.29	0.64	10	6	2	1.52	0.97	1.35	11.07	2.22	0.54	2.4	5.49	7.54	461	707	36.6	137.327	127.6	15.999	12.8	47.1	0	7.8	34.98	0.444	17.5
LaNbO4	54400	0.17	0.17	0.67	8	8	2	1.16	0.74	1.35	8.68	4.45	0.54	3.1	4	7.54	202	441	36.6	138.906	92.906	15.999	37.9	104.9	0	10	26.8	0.444	19.3
MnMoO4	54100	0.17	0.17	0.67	6	5	2	0.83	0.5	1.35	3.48	4.08	0.54	3.72	3.9	7.54	93	163	36.6	54.938	95.94	15.999	191	324.8	0	13.4	28	0.444	8.5
Ba5Nb4O15	53000	0.21	0.17	0.62	12	6	2	1.61	0.64	1.35	11.07	4.45	0.54	2.4	4	7.54	461	441	36.6	137.327	92.906	15.999	12.8	104.9	0	7.8	26.8	0.444	40
Ba3V2O8	52200	0.23	0.15	0.62	12	4	2	1.61	0.355	1.35	11.07	4.48	0.54	2.4	3.6	7.54	461	68.4	36.6	137.327	50.942	15.999	12.8	127.6	0	7.8	17.5	0.444	12.3
PrAlO3	51000	0.2	0.2	0.6	9	6	2	1.179	0.535	1.35	9.92	5.23	0.54	3	3.23	7.54	236	152	36.6	140.908	26.982	15.999	37.3	70.6	0	11.3	10.5	0.444	23.2
BaTe2O6	50300	0.11	0.22	0.67	12	6	2	1.61	0.97	1.35	11.07	2.22	0.54	2.4	5.49	7.54	461	707	36.6	137.327	127.6	15.999	12.8	47.1	0	7.8	34.98	0.444	21
Mn4Nb2O9	50000	0.27	0.13	0.6	6	6	2	0.83	0.64	1.35	3.48	4.45	0.54	3.72	4	7.54	93	441	36.6	54.938	92.906	15.999	191	104.9	0	13.4	26.8	0.444	16
Mn2SiO4	50000	0.29	0.14	0.57	6	4	2	0.83	0.26	1.35	3.48	2.19	0.54	3.72	4.77	7.54	93	189	36.6	54.938	28.086	15.999	191	113	0	13.4	50.6	0.444	8.5
ZnMoO4	49900	0.17	0.17	0.67	6	5	2	0.74	0.61	1.35	2.24	4.08	0.54	4.45	3.9	7.54	189	163	36.6	65.39	95.94	15.999	104.5	324.8	0	7.28	28	0.444	8.7
CaNb2O6	49600	0.11	0.22	0.67	8	6	2	1.12	0.64	1.35	6.22	4.45	0.54	2.2	4	7.54	468	441	36.6	40.078	92.906	15.999	19.6	104.9	0	8.6	26.8	0.444	17.3
CaTeO3	49300	0.2	0.2	0.6	7	6	2	1.06	0.97	1.35	6.22	2.22	0.54	2.2	5.49	7.54	468	707	36.6	40.078	127.6	15.999	19.6	47.1	0	8.6	34.98	0.444	17.4
MgTi2O5	47000	0.12	0.25	0.62	6	6	2	0.72	0.605	1.35	3.18	4.49	0.54	8.3	3.45	7.54	121	571	36.6	24.305	47.88	15.999	44.7	120.2	0	8.9	18.8	0.444	17.4
Te2MoO7	46900	0.2	0.1	0.7	6	6	2	0.97	0.59	1.35	2.22	4.08	0.54	5.49	3.9	7.54	707	163	36.6	127.6	95.94	15.999	47.1	324.8	0	34.98	28	0.444	13.6
Ba3(VO4)2	46700	0.23	0.15	0.62	12	4	2	1.61	0.355	1.35	11.07	4.48	0.54	2.4	3.6	7.54	461	68.4	36.6	137.327	50.942	15.999	12.8	127.6	0	7.8	17.5	0.444	13
CeTe2O6	45400	0.11	0.22	0.67	8	6	2	0.97	0.97	1.35	10.35	2.22	0.54	3	5.49	7.54	219	707	36.6	140.115	127.6	15.999	33.5	47.1	0	8.9	34.98	0.444	15.2
ZnV2O6	45000	0.11	0.22	0.67	8	6	2	0.9	0.54	1.35	2.24	4.48	0.54	4.45	3.6	7.54	189	68.4	36.6	65.39	50.942	15.999	104.5	127.6	0	7.28	17.5	0.444	16
ErAlO3	44200	0.2	0.2	0.6	8	6	2	1.004	0.535	1.35	7.46	5.23	0.54	3.3	3.23	7.54	373	152	36.6	167.26	26.982	15.999	69.9	70.6	0	17.2	10.5	0.444	16.3
ErNbO4	43900	0.17	0.17	0.67	8	8	2	1.004	0.74	1.35	7.46	4.45	0.54	3.3	4	7.54	373	441	36.6	167.26	92.906	15.999	69.9	104.9	0	17.2	26.8	0.444	16.6
PbWO4	43000	0.17	0.17	0.67	8	6	2	1.29	0.6	1.35	4.16	2.4	0.54	3.9	4.4	7.54	579	458	36.6	207.2	183.85	15.999	16.1	411	0	4.81	35	0.444	21.4
Dy3Ga5O12	42100	0.15	0.25	0.6	8	5	2	1.027	0.55	1.35	7.74	4.47	0.54	3.2	3.2	7.54	344	212	36.6	162.5	69.723	15.999	61.4	9.8	0	17.2	5.59	0.444	12.2
La2Sn2O7	40500	0.18	0.18	0.64	8	6	2	1.16	0.69	1.35	8.68	3.02	0.54	3.1	4.3	7.54	202	662	36.6	138.906	118.71	15.999	37.9	49.9	0	10	7.07	0.444	14.4
CeAlO3	40110	0.2	0.2	0.6	12	6	2	1.34	0.535	1.35	10.35	5.23	0.54	3	3.23	7.54	219	152	36.6	140.115	26.982	15.999	33.5	70.6	0	8.9	10.5	0.444	20.7
K2Mo4O13	39800	0.11	0.21	0.68	10	6	2	1.59	0.59	1.35	19.69	4.08	0.54	2.42	3.9	7.54	417	163	36.6	39.098	95.94	15.999	3.5	324.8	0	2.39	28	0.444	6.8
K2Mo3O10	39300	0.13	0.2	0.67	10	6	2	1.59	0.59	1.35	19.69	4.08	0.54	2.42	3.9	7.54	417	163	36.6	39.098	95.94	15.999	3.5	324.8	0	2.39	28	0.444	5.6
CaGe2O5	39000	0.12	0.25	0.62	8	6	2	1.12	0.53	1.35	6.22	2.55	0.54	2.2	4.6	7.54	468	235	36.6	40.078	72.61	15.999	19.6	79.9	0	8.6	36.8	0.444	10.9
Nd2SiO5	38800	0.25	0.12	0.62	8	4	2	1.109	0.26	1.35	9.38	2.19	0.54	3	4.77	7.54	252	189	36.6	144.24	28.086	15.999	41.4	113	0	7.1	50.6	0.444	7.9
CoWO4	38600	0.17	0.17	0.67	6	6	2	0.7	0.6	1.35	3.01	2.4	0.54	4.3	4.4	7.54	125	458	36.6	58.933	183.85	15.999	211	411	0	16.3	35	0.444	10.7
DyNbO4	38500	0.17	0.17	0.67	8	8	2	1.027	0.74	1.35	7.74	4.45	0.54	3.2	4	7.54	344	441	36.6	162.5	92.906	15.999	61.4	104.9	0	17.2	26.8	0.444	17.8
DyAlO3	38000	0.2	0.2	0.6	9	6	2	1.083	0.535	1.35	7.74	5.23	0.54	3.2	3.23	7.54	344	152	36.6	162.5	26.982	15.999	61.4	70.6	0	17.2	10.5	0.444	17.6
Al2SiO5	37500	0.25	0.12	0.62	6	4	2	0.535	0.26	1.35	5.23	2.19	0.54	3.23	4.77	7.54	152	189	36.6	26.982	28.086	15.999	70.6	113	0	10.5	50.6	0.444	5.3
Mg5Nb4O15	37400	0.21	0.17	0.62	6	6	2	0.72	0.64	1.35	3.18	4.45	0.54	8.3	4	7.54	121	441	36.6	24.305	92.906	15.999	44.7	104.9	0	8.9	26.8	0.444	11
BaMoO4	37100	0.17	0.17	0.67	12	8	2	1.61	0.73	1.35	11.07	4.08	0.54	2.4	3.9	7.54	461	163	36.6	137.327	95.94	15.999	12.8	324.8	0	7.8	28	0.444	9
Zn2V2O7	37000	0.18	0.18	0.64	5	5	2	0.68	0.46	1.35	2.24	4.48	0.54	4.45	3.6	7.54	189	68.4	36.6	65.39	50.942	15.999	104.5	127.6	0	7.28	17.5	0.444	9
PbMoO4	35200	0.17	0.17	0.67	8	8	2	1.29	0.73	1.35	4.16	4.08	0.54	3.9	3.9	7.54	579	163	36.6	207.2	95.94	15.999	16.1	324.8	0	4.81	28	0.444	25.4
Na2MoO4	35000	0.29	0.14	0.57	6	6	2	1.02	0.59	1.35	11.8	4.08	0.54	2.85	3.9	7.54	95.3	163	36.6	22.99	95.94	15.999	6.8	324.8	0	2.64	28	0.444	4.1
AlNbO4	34000	0.17	0.17	0.67	6	6	2	0.535	0.64	1.35	5.23	4.45	0.54	3.23	4	7.54	152	441	36.6	26.982	92.906	15.999	70.6	104.9	0	10.5	26.8	0.444	12
BaTeO3	34000	0.2	0.2	0.6	9	6	2	1.47	0.97	1.35	11.07	2.22	0.54	2.4	5.49	7.54	461	707	36.6	137.327	127.6	15.999	12.8	47.1	0	7.8	34.98	0.444	10
SrHfO3	33500	0.2	0.2	0.6	12	6	2	1.44	0.71	1.35	7.6	3.19	0.54	2	3.8	7.54	373	430	36.6	87.62	178.49	15.999	15.7	141	0	8.2	25	0.444	23.5
Nd2Sn2O7	33100	0.18	0.18	0.64	8	6	2	1.109	0.69	1.35	9.38	3.02	0.54	3	4.3	7.54	252	662	36.6	144.24	118.71	15.999	41.4	49.9	0	7.1	7.07	0.444	17
NdNbO4	33000	0.17	0.17	0.67	8	8	2	1.109	0.74	1.35	9.38	4.45	0.54	3	4	7.54	252	441	36.6	144.24	92.906	15.999	41.4	104.9	0	7.1	26.8	0.444	19.6
CaGeO3	32200	0.2	0.2	0.6	6	4	2	1	0.39	1.35	6.22	2.55	0.54	2.2	4.6	7.54	468	235	36.6	40.078	72.61	15.999	19.6	79.9	0	8.6	36.8	0.444	8.9
Ba2Ti9O20	32000	0.06	0.29	0.65	12	6	2	1.61	0.605	1.35	11.07	4.49	0.54	2.4	3.45	7.54	461	571	36.6	137.327	47.88	15.999	12.8	120.2	0	7.8	18.8	0.444	39
MnWO4	32000	0.17	0.17	0.67	6	6	2	0.83	0.6	1.35	3.48	2.4	0.54	3.72	4.4	7.54	93	458	36.6	54.938	183.85	15.999	191	411	0	13.4	35	0.444	14.5
Mg2B2O5	32000	0.22	0.22	0.56	6	3	2	0.72	0.01	1.35	3.18	1.51	0.54	8.3	4.29	7.54	121	7.38	36.6	24.305	10.811	15.999	44.7	0	0	8.9	23.6	0.444	6.2
Ba5Ta4O15	31600	0.21	0.17	0.62	12	6	2	1.61	0.64	1.35	11.07	2.47	0.54	2.4	4.11	7.54	461	444	36.6	137.327	180.948	15.999	12.8	185.7	0	7.8	24.7	0.444	30
ZrTiO4	31000	0.17	0.17	0.67	8	6	2	0.84	0.605	1.35	4.63	4.49	0.54	3.64	3.45	7.54	419	571	36.6	91.224	47.88	15.999	98	120.2	0	19.2	18.8	0.444	42
NiTa2O6	31000	0.11	0.22	0.67	6	6	2	0.69	0.64	1.35	3.12	2.47	0.54	4.4	4.11	7.54	144	444	36.6	58.69	180.948	15.999	199.5	185.7	0	17.2	24.7	0.444	25
ZnTiO3	30000	0.2	0.2	0.6	6	6	2	0.74	0.605	1.35	2.24	4.49	0.54	4.45	3.45	7.54	189	571	36.6	65.39	47.88	15.999	104.5	120.2	0	7.28	18.8	0.444	19
Ca3WO6	29200	0.3	0.1	0.6	7	6	2	1.06	0.6	1.35	6.22	2.4	0.54	2.2	4.4	7.54	468	458	36.6	40.078	183.85	15.999	19.6	411	0	8.6	35	0.444	15.3
DyPO4	28700	0.17	0.17	0.67	8	4	2	1.027	0.17	1.35	7.74	1.34	0.54	3.2	5.62	7.54	344	229	36.6	162.5	30.974	15.999	61.4	0	0	17.2	2.51	0.444	7.8
Ca3Si2O7	28400	0.25	0.17	0.58	7	4	2	1.06	0.26	1.35	6.22	2.19	0.54	2.2	4.77	7.54	468	189	36.6	40.078	28.086	15.999	19.6	113	0	8.6	50.6	0.444	7.8
Cu3Nb2O8	25560	0.23	0.15	0.62	6	6	2	0.73	0.64	1.35	3.01	4.45	0.54	4.48	4	7.54	166	441	36.6	63.546	92.906	15.999	129.8	104.9	0	13	26.8	0.444	11.2
HfSiO4	25000	0.17	0.17	0.67	8	4	2	0.83	0.26	1.35	3.19	2.19	0.54	3.8	4.77	7.54	430	189	36.6	178.49	28.086	15.999	141	113	0	25	50.6	0.444	7
NiWO4	24900	0.17	0.17	0.67	6	6	2	0.69	0.6	1.35	3.12	2.4	0.54	4.4	4.4	7.54	144	458	36.6	58.69	183.85	15.999	199.5	411	0	17.2	35	0.444	13.3
La4Ti9O24	24800	0.11	0.24	0.65	9	8	2	1.216	0.74	1.35	8.68	4.49	0.54	3.1	3.45	7.54	202	571	36.6	138.906	47.88	15.999	37.9	120.2	0	10	18.8	0.444	37
Nd4Ti9O24	24100	0.11	0.24	0.65	9	6	2	1.163	0.605	1.35	9.38	4.49	0.54	3	3.45	7.54	252	571	36.6	144.24	47.88	15.999	41.4	120.2	0	7.1	18.8	0.444	37.5
Mn2P2O7	23850	0.18	0.18	0.64	6	5	2	0.83	0.29	1.35	3.48	1.34	0.54	3.72	5.62	7.54	93	229	36.6	54.938	30.974	15.999	191	0	0	13.4	2.51	0.444	7.3
Li2TiO3	23600	0.33	0.17	0.5	6	6	2	0.76	0.605	1.35	9.1	4.49	0.54	3.01	3.45	7.54	1.96	571	36.6	6.941	47.88	15.999	4.9	120.2	0	2.93	18.8	0.444	19.8
Bi2Te2O8	23000	0.17	0.17	0.67	6	8	2	1.03	0.97	1.35	4.04	2.22	0.54	4.69	5.49	7.54	596	707	36.6	208.98	127.6	15.999	34	47.1	0	10.9	34.98	0.444	39
K2Mo2O7	22300	0.18	0.18	0.64	10	6	2	1.59	0.59	1.35	19.69	4.08	0.54	2.42	3.9	7.54	417	163	36.6	39.098	95.94	15.999	3.5	324.8	0	2.39	28	0.444	7.5
Pb2MoO5	21960	0.25	0.12	0.62	8	4	2	1.29	0.41	1.35	4.16	4.08	0.54	3.9	3.9	7.54	579	163	36.6	207.2	95.94	15.999	16.1	324.8	0	4.81	28	0.444	19.1
Bi2Mo3O12	21800	0.12	0.18	0.71	8	7	2	1.17	0.73	1.35	4.04	4.08	0.54	4.69	3.9	7.54	596	163	36.6	208.98	95.94	15.999	34	324.8	0	10.9	28	0.444	19
CaZrO3	20800	0.2	0.2	0.6	8	6	2	1.12	0.72	1.35	6.22	4.63	0.54	2.2	3.64	7.54	468	419	36.6	40.078	91.224	15.999	19.6	98	0	8.6	19.2	0.444	27
Li2SnO3	20800	0.33	0.17	0.5	6	6	2	0.76	0.69	1.35	9.1	3.02	0.54	3.01	4.3	7.54	1.96	662	36.6	6.941	118.71	15.999	4.9	49.9	0	2.93	7.07	0.444	12.8
LaYbO3	20600	0.2	0.2	0.6	8	6	2	1.16	0.868	1.35	8.68	7.26	0.54	3.1	3.5	7.54	202	401	36.6	138.906	173.04	15.999	37.9	23.9	0	10	9.2	0.444	26
TbPO4	20100	0.17	0.17	0.67	8	4	2	1.04	0.17	1.35	7.91	1.34	0.54	3.2	5.62	7.54	329	229	36.6	158.925	30.974	15.999	55.7	0	0	16.3	2.51	0.444	7.8
Sr2V2O7	19500	0.18	0.18	0.64	8	4	2	1.26	0.355	1.35	7.6	4.48	0.54	2	3.6	7.54	373	68.4	36.6	87.62	50.942	15.999	15.7	127.6	0	8.2	17.5	0.444	10.4
Sr5Nb4O15	19400	0.21	0.17	0.62	12	6	2	1.44	0.64	1.35	7.6	4.45	0.54	2	4	7.54	373	441	36.6	87.62	92.906	15.999	15.7	104.9	0	8.2	26.8	0.444	40
NiNb2O6	19300	0.11	0.22	0.67	6	7	2	0.69	0.69	1.35	3.12	4.45	0.54	4.4	4	7.54	144	441	36.6	58.69	92.906	15.999	199.5	104.9	0	17.2	26.8	0.444	21
Sr2SiO4	19100	0.29	0.14	0.57	8	4	2	1.26	0.26	1.35	7.6	2.19	0.54	2	4.77	7.54	373	189	36.6	87.62	28.086	15.999	15.7	113	0	8.2	50.6	0.444	9.5
Zn2TiO4	19000	0.29	0.14	0.57	8	6	2	0.9	0.605	1.35	2.24	4.49	0.54	4.45	3.45	7.54	189	571	36.6	65.39	47.88	15.999	104.5	120.2	0	7.28	18.8	0.444	20.2
Ba2V2O7	19000	0.18	0.18	0.64	8	4	2	1.42	0.355	1.35	11.07	4.48	0.54	2.4	3.6	7.54	461	68.4	36.6	137.327	50.942	15.999	12.8	127.6	0	7.8	17.5	0.444	7
Li2MoO4	18500	0.29	0.14	0.57	4	4	2	0.59	0.41	1.35	9.1	4.08	0.54	3.01	3.9	7.54	1.96	163	36.6	6.941	95.94	15.999	4.9	324.8	0	2.93	28	0.444	5.2
Ba2SiO4	17900	0.29	0.14	0.57	9	4	2	1.47	0.26	1.35	11.07	2.19	0.54	2.4	4.77	7.54	461	189	36.6	137.327	28.086	15.999	12.8	113	0	7.8	50.6	0.444	13.1
Li2ZrO3	17600	0.33	0.17	0.5	6	6	2	0.76	0.72	1.35	9.1	4.63	0.54	3.01	3.64	7.54	1.96	419	36.6	6.941	91.224	15.999	4.9	98	0	2.93	19.2	0.444	14.1
NdBO3	17000	0.2	0.2	0.6	8	3	2	1.109	0.01	1.35	9.38	1.51	0.54	3	4.29	7.54	252	7.38	36.6	144.24	10.811	15.999	41.4	0	0	7.1	23.6	0.444	11
Ag2MoO4	17000	0.29	0.14	0.57	6	8	2	1.15	0.73	1.35	3.29	4.08	0.54	4.44	3.9	7.54	586	163	36.6	107.868	95.94	15.999	82.7	324.8	0	11.1	28	0.444	8.1
SrNb2O6	16900	0.11	0.22	0.67	9	6	2	1.31	0.64	1.35	7.6	4.45	0.54	2	4	7.54	373	441	36.6	87.62	92.906	15.999	15.7	104.9	0	8.2	26.8	0.444	20.1
Bi2MoO6	16700	0.22	0.11	0.67	9	8	2	1.17	0.73	1.35	4.04	4.08	0.54	4.69	3.9	7.54	596	163	36.6	208.98	95.94	15.999	34	324.8	0	10.9	28	0.444	31
MnTa2O6	16500	0.11	0.22	0.67	6	6	2	0.83	0.64	1.35	3.48	2.47	0.54	3.72	4.11	7.54	93	444	36.6	54.938	180.948	15.999	191	185.7	0	13.4	24.7	0.444	20.3
Nd2Ti2O7	16400	0.18	0.18	0.64	9	6	2	1.163	0.605	1.35	9.38	4.49	0.54	3	3.45	7.54	252	571	36.6	144.24	47.88	15.999	41.4	120.2	0	7.1	18.8	0.444	36
CaSiO3	16000	0.2	0.2	0.6	6	4	2	1	0.26	1.35	6.22	2.19	0.54	2.2	4.77	7.54	468	189	36.6	40.078	28.086	15.999	19.6	113	0	8.6	50.6	0.444	8.4
CaHfO3	15950	0.2	0.2	0.6	8	6	2	1.12	0.71	1.35	6.22	3.19	0.54	2.2	3.8	7.54	468	430	36.6	40.078	178.49	15.999	19.6	141	0	8.6	25	0.444	21.4
BiNbO4	15700	0.17	0.17	0.67	8	6	2	1.17	0.64	1.35	4.04	4.45	0.54	4.69	4	7.54	596	441	36.6	208.98	92.906	15.999	34	104.9	0	10.9	26.8	0.444	43
Ca2V2O7	15400	0.18	0.18	0.64	8	4	2	1.12	0.355	1.35	6.22	4.48	0.54	2.2	3.6	7.54	468	68.4	36.6	40.078	50.942	15.999	19.6	127.6	0	8.6	17.5	0.444	12.1
MnTiO3	15200	0.2	0.2	0.6	6	6	2	0.83	0.605	1.35	3.48	4.49	0.54	3.72	3.45	7.54	93	571	36.6	54.938	47.88	15.999	191	120.2	0	13.4	18.8	0.444	20.4
Pb2WO5	14800	0.25	0.12	0.62	8	4	2	1.29	0.42	1.35	4.16	2.4	0.54	3.9	4.4	7.54	579	458	36.6	207.2	183.85	15.999	16.1	411	0	4.81	35	0.444	16.4
LaLuO3	14400	0.2	0.2	0.6	8	6	2	1.16	0.861	1.35	8.68	7.73	0.54	3.1	3	7.54	202	416	36.6	138.906	174.967	15.999	37.9	68.6	0	10	19.2	0.444	22.4
Mg5Ta4O15	14400	0.21	0.17	0.62	6	6	2	0.72	0.64	1.35	3.18	2.47	0.54	8.3	4.11	7.54	121	444	36.6	24.305	180.948	15.999	44.7	185.7	0	8.9	24.7	0.444	17
BaHfO3	14250	0.2	0.2	0.6	12	6	2	1.61	0.71	1.35	11.07	3.19	0.54	2.4	3.8	7.54	461	430	36.6	137.327	178.49	15.999	12.8	141	0	7.8	25	0.444	24.2
NiTiO3	13900	0.2	0.2	0.6	6	6	2	0.69	0.605	1.35	3.12	4.49	0.54	4.4	3.45	7.54	144	571	36.6	58.69	47.88	15.999	199.5	120.2	0	17.2	18.8	0.444	17.8
TiTe3O8	13600	0.08	0.25	0.67	8	6	2	0.74	0.97	1.35	4.49	2.22	0.54	3.45	5.49	7.54	571	707	36.6	47.88	127.6	15.999	120.2	47.1	0	18.8	34.98	0.444	36
SrZrO3	13600	0.2	0.2	0.6	10	6	2	1.36	0.72	1.35	7.6	4.63	0.54	2	3.64	7.54	373	419	36.6	87.62	91.224	15.999	15.7	98	0	8.2	19.2	0.444	30
CaTe2O5	13400	0.12	0.25	0.62	7	6	2	1.06	0.97	1.35	6.22	2.22	0.54	2.2	5.49	7.54	468	707	36.6	40.078	127.6	15.999	19.6	47.1	0	8.6	34.98	0.444	19.3
SnTe3O8	13200	0.08	0.25	0.67	8	6	2	0.81	0.97	1.35	3.02	2.22	0.54	4.3	5.49	7.54	662	707	36.6	118.71	127.6	15.999	49.9	47.1	0	7.07	34.98	0.444	32
SrSiO3	13100	0.2	0.2	0.6	8	4	2	1.26	0.26	1.35	7.6	2.19	0.54	2	4.77	7.54	373	189	36.6	87.62	28.086	15.999	15.7	113	0	8.2	50.6	0.444	6.8
MnNb2O6	12900	0.11	0.22	0.67	8	6	2	0.96	0.64	1.35	3.48	4.45	0.54	3.72	4	7.54	93	441	36.6	54.938	92.906	15.999	191	104.9	0	13.4	26.8	0.444	20.9
Bi2Mo2O9	12500	0.15	0.15	0.69	8	8	2	1.17	0.73	1.35	4.04	4.08	0.54	4.69	3.9	7.54	596	163	36.6	208.98	95.94	15.999	34	324.8	0	10.9	28	0.444	38
BiTaO4	12000	0.17	0.17	0.67	8	6	2	1.17	0.64	1.35	4.04	2.47	0.54	4.69	4.11	7.54	596	444	36.6	208.98	180.948	15.999	34	185.7	0	10.9	24.7	0.444	43.5
CaTa2O6	11600	0.11	0.22	0.67	9	6	2	1.32	0.64	1.35	6.22	2.47	0.54	2.2	4.11	7.54	468	444	36.6	40.078	180.948	15.999	19.6	185.7	0	8.6	24.7	0.444	21.2
Nd2Ti4O11	11000	0.12	0.24	0.65	8	6	2	1.109	0.605	1.35	9.38	4.49	0.54	3	3.45	7.54	252	571	36.6	144.24	47.88	15.999	41.4	120.2	0	7.1	18.8	0.444	39.3
GdAlO3	11000	0.2	0.2	0.6	9	6	2	1.107	0.535	1.35	7.78	5.23	0.54	3.3	3.23	7.54	314	152	36.6	157.25	26.982	15.999	54.8	70.6	0	15.5	10.5	0.444	18.4
SmBO3	11000	0.2	0.2	0.6	8	3	2	1.079	0.01	1.35	8.62	1.51	0.54	3.1	4.29	7.54	284	7.38	36.6	150.36	10.811	15.999	49.7	0	0	10.9	23.6	0.444	9.3
Bi6B10O24	10750	0.15	0.25	0.6	8	4	2	1.17	0.11	1.35	4.04	1.51	0.54	4.69	4.29	7.54	596	7.38	36.6	208.98	10.811	15.999	34	0	0	10.9	23.6	0.444	10.2
Bi12TiO20	10400	0.36	0.03	0.61	8	8	2	1.17	0.74	1.35	4.04	4.49	0.54	4.69	3.45	7.54	596	571	36.6	208.98	47.88	15.999	34	120.2	0	10.9	18.8	0.444	41
La4Ti3O12	9950	0.21	0.16	0.63	12	6	2	1.36	0.605	1.35	8.68	4.49	0.54	3.1	3.45	7.54	202	571	36.6	138.906	47.88	15.999	37.9	120.2	0	10	18.8	0.444	19.7
BaZrO3	8800	0.2	0.2	0.6	12	6	2	1.61	0.72	1.35	11.07	4.63	0.54	2.4	3.64	7.54	461	419	36.6	137.327	91.224	15.999	12.8	98	0	7.8	19.2	0.444	35
SrTe2O5	8700	0.12	0.25	0.62	7	6	2	1.24	0.97	1.35	7.6	2.22	0.54	2	5.49	7.54	373	707	36.6	87.62	127.6	15.999	15.7	47.1	0	8.2	34.98	0.444	15.5
ZrSiO4	8500	0.17	0.17	0.67	8	4	2	0.84	0.26	1.35	4.63	2.19	0.54	3.64	4.77	7.54	419	189	36.6	91.224	28.086	15.999	98	113	0	19.2	50.6	0.444	7.4
Sr2TiO4	8214	0.29	0.14	0.57	9	6	2	1.31	0.605	1.35	7.6	4.49	0.54	2	3.45	7.54	373	571	36.6	87.62	47.88	15.999	15.7	120.2	0	8.2	18.8	0.444	15
Bi12SiO20	8100	0.36	0.03	0.61	8	6	2	1.17	0.4	1.35	4.04	2.19	0.54	4.69	4.77	7.54	596	189	36.6	208.98	28.086	15.999	34	113	0	10.9	50.6	0.444	37.6
BiVO4	8000	0.17	0.17	0.67	8	4	2	1.17	0.355	1.35	4.04	4.48	0.54	4.69	3.6	7.54	596	68.4	36.6	208.98	50.942	15.999	34	127.6	0	10.9	17.5	0.444	68
Bi12GeO20	7800	0.36	0.03	0.61	8	6	2	1.17	0.53	1.35	4.04	2.55	0.54	4.69	4.6	7.54	596	235	36.6	208.98	72.61	15.999	34	79.9	0	10.9	36.8	0.444	38
Bi2W2O9	7700	0.15	0.15	0.69	8	6	2	1.17	0.6	1.35	4.04	2.4	0.54	4.69	4.4	7.54	596	458	36.6	208.98	183.85	15.999	34	411	0	10.9	35	0.444	32.5
Li2Mo4O13	7700	0.11	0.21	0.68	6	6	2	0.76	0.59	1.35	9.1	4.08	0.54	3.01	3.9	7.54	1.96	163	36.6	6.941	95.94	15.999	4.9	324.8	0	2.93	28	0.444	8.8
CuNb2O6	7100	0.11	0.22	0.67	6	6	2	0.73	0.64	1.35	3.01	4.45	0.54	4.48	4	7.54	166	441	36.6	63.546	92.906	15.999	129.8	104.9	0	13	26.8	0.444	17.1
MgWO4	5400	0.17	0.17	0.67	6	6	2	0.72	0.6	1.35	3.18	2.4	0.54	8.3	4.4	7.54	121	458	36.6	24.305	183.85	15.999	44.7	411	0	8.9	35	0.444	9.9
Bi8TiO14	5400	0.35	0.04	0.61	8	8	2	1.17	0.74	1.35	4.04	4.49	0.54	4.69	3.45	7.54	596	571	36.6	208.98	47.88	15.999	34	120.2	0	10.9	18.8	0.444	47.4
Co4Nb2O9	5000	0.27	0.13	0.6	6	6	2	0.7	0.64	1.35	3.01	4.45	0.54	4.3	4	7.54	125	441	36.6	58.933	92.906	15.999	211	104.9	0	16.3	26.8	0.444	16
Bi2Ti4O11	4800	0.12	0.24	0.65	8	6	2	1.17	0.605	1.35	4.04	4.49	0.54	4.69	3.45	7.54	596	571	36.6	208.98	47.88	15.999	34	120.2	0	10.9	18.8	0.444	47
CrNbO4	4000	0.17	0.17	0.67	6	6	2	0.615	0.64	1.35	4.33	4.45	0.54	3.72	4	7.54	79.8	441	36.6	51.996	92.906	15.999	279	104.9	0	21	26.8	0.444	22
AlSbO4	3200	0.17	0.17	0.67	6	6	2	0.535	0.6	1.35	5.23	2.37	0.54	3.23	4.85	7.54	152	288	36.6	26.982	121.75	15.999	70.6	54.7	0	10.5	39.7	0.444	6.3
SrTiO3	3000	0.2	0.2	0.6	12	6	2	1.44	0.605	1.35	7.6	4.49	0.54	2	3.45	7.54	373	571	36.6	87.62	47.88	15.999	15.7	120.2	0	8.2	18.8	0.444	270
KTaO3	2900	0.2	0.2	0.6	12	6	2	1.64	0.64	1.35	19.69	2.47	0.54	2.42	4.11	7.54	417	444	36.6	39.098	180.948	15.999	3.5	185.7	0	2.39	24.7	0.444	177
Bi12PbO19	2900	0.38	0.03	0.59	8	6	2	1.17	1.19	1.35	4.04	4.16	0.54	4.69	3.9	7.54	596	579	36.6	208.98	207.2	15.999	34	16.1	0	10.9	4.81	0.444	38.6
Bi4B2O9	2620	0.27	0.13	0.6	8	3	2	1.17	0.01	1.35	4.04	1.51	0.54	4.69	4.29	7.54	596	7.38	36.6	208.98	10.811	15.999	34	0	0	10.9	23.6	0.444	38.8
Ca3Ti2O7	2600	0.25	0.17	0.58	10	6	2	1.23	0.605	1.35	6.22	4.49	0.54	2.2	3.45	7.54	468	571	36.6	40.078	47.88	15.999	19.6	120.2	0	8.6	18.8	0.444	46
Sr5Ta4O15	2400	0.21	0.17	0.62	12	6	2	1.44	0.64	1.35	7.6	2.47	0.54	2	4.11	7.54	373	444	36.6	87.62	180.948	15.999	15.7	185.7	0	8.2	24.7	0.444	43.5
Sr3Ti2O7	2400	0.25	0.17	0.58	12	6	2	1.44	0.605	1.35	7.6	4.49	0.54	2	3.45	7.54	373	571	36.6	87.62	47.88	15.999	15.7	120.2	0	8.2	18.8	0.444	26
CoTa2O6	2300	0.11	0.22	0.67	6	6	2	0.7	0.64	1.35	3.01	2.47	0.54	4.3	4.11	7.54	125	444	36.6	58.933	180.948	15.999	211	185.7	0	16.3	24.7	0.444	29
La2Ti2O7	2200	0.18	0.18	0.64	10	6	2	1.27	0.605	1.35	8.68	4.49	0.54	3.1	3.45	7.54	202	571	36.6	138.906	47.88	15.999	37.9	120.2	0	10	18.8	0.444	43
Sm2Si2O7	2000	0.18	0.18	0.64	8	4	2	1.079	0.26	1.35	8.62	2.19	0.54	3.1	4.77	7.54	284	189	36.6	150.36	28.086	15.999	49.7	113	0	10.9	50.6	0.444	10
ZrTe3O8	1800	0.08	0.25	0.67	8	6	2	0.84	0.97	1.35	4.63	2.22	0.54	3.64	5.49	7.54	419	707	36.6	91.224	127.6	15.999	98	47.1	0	19.2	34.98	0.444	67.5
CrTaO4	1600	0.17	0.17	0.67	6	6	2	0.615	0.64	1.35	4.33	2.47	0.54	3.72	4.11	7.54	79.8	444	36.6	51.996	180.948	15.999	279	185.7	0	21	24.7	0.444	9.7
CaTiO3	1290	0.2	0.2	0.6	10	6	2	1.23	0.605	1.35	6.22	4.49	0.54	2.2	3.45	7.54	468	571	36.6	40.078	47.88	15.999	19.6	120.2	0	8.6	18.8	0.444	162
Sr4Ti3O10	960	0.24	0.18	0.59	12	6	2	1.44	0.605	1.35	7.6	4.49	0.54	2	3.45	7.54	373	571	36.6	87.62	47.88	15.999	15.7	120.2	0	8.2	18.8	0.444	42
Bi3NbO7	300	0.27	0.09	0.64	8	8	2	1.17	0.74	1.35	4.04	4.45	0.54	4.69	4	7.54	596	441	36.6	208.98	92.906	15.999	34	104.9	0	10.9	26.8	0.444	80
