formula	eps	Ax	Bx	Cx	Acn	Bcn	Ccn	Air	Bir	Cir	Acp	Bcp	Ccp	Amac	Bmac	Cmac	Aap	Bap	Cap
Bi3NbO7	80	0.27	0.09	0.64	8	8	2	1.17	0.74	1.35	4.15	4.05	0	596	441	36.6	4.04	4.45	0.54
BiVO4	68	0.17	0.17	0.67	8	4	2	1.17	0.355	1.35	4.15	4.25	0	596	68.4	36.6	4.04	4.48	0.54
ZrTe3O8	67.5	0.08	0.25	0.67	8	6	2	0.84	0.97	1.35	3.45	0	0	419	707	36.6	4.63	2.22	0.54
Bi8TiO14	47.4	0.35	0.04	0.61	8	8	2	1.17	0.74	1.35	4.15	3.8	0	596	571	36.6	4.04	4.49	0.54
Bi2Ti4O11	47	0.12	0.24	0.65	8	6	2	1.17	0.605	1.35	4.15	3.8	0	596	571	36.6	4.04	4.49	0.54
Ca3Ti2O7	46	0.25	0.17	0.58	10	6	2	1.23	0.605	1.35	2.55	3.8	0	468	571	36.6	6.22	4.49	0.54
Sr5Ta4O15	43.5	0.21	0.17	0.62	12	6	2	1.44	0.64	1.35	2.4	4.05	0	373	444	36.6	7.6	2.47	0.54
BiTaO4	43.5	0.17	0.17	0.67	8	6	2	1.17	0.64	1.35	4.15	4.05	0	596	444	36.6	4.04	2.47	0.54
BiNbO4	43	0.17	0.17	0.67	8	6	2	1.17	0.64	1.35	4.15	4.05	0	596	441	36.6	4.04	4.45	0.54
La2Ti2O7	43	0.18	0.18	0.64	10	6	2	1.27	0.605	1.35	3.17	3.8	0	202	571	36.6	8.68	4.49	0.54
ZrTiO4	42	0.17	0.17	0.67	8	6	2	0.84	0.605	1.35	3.45	3.8	0	419	571	36.6	4.63	4.49	0.54
Sr4Ti3O10	42	0.24	0.18	0.59	12	6	2	1.44	0.605	1.35	2.4	3.8	0	373	571	36.6	7.6	4.49	0.54
BaTi5O11	42	0.06	0.29	0.65	12	6	2	1.61	0.605	1.35	2.32	3.8	0	461	571	36.6	11.07	4.49	0.54
Bi12TiO20	41	0.36	0.03	0.61	8	8	2	1.17	0.74	1.35	4.15	3.8	0	596	571	36.6	4.04	4.49	0.54
Ba5Nb4O15	40	0.21	0.17	0.62	12	6	2	1.61	0.64	1.35	2.32	4.05	0	461	441	36.6	11.07	4.45	0.54
Sr5Nb4O15	40	0.21	0.17	0.62	12	6	2	1.44	0.64	1.35	2.4	4.05	0	373	441	36.6	7.6	4.45	0.54
Nd2Ti4O11	39.3	0.12	0.24	0.65	8	6	2	1.109	0.605	1.35	3.19	3.8	0	252	571	36.6	9.38	4.49	0.54
Ba2Ti9O20	39	0.06	0.29	0.65	12	6	2	1.61	0.605	1.35	2.32	3.8	0	461	571	36.6	11.07	4.49	0.54
Bi2Te2O8	39	0.17	0.17	0.67	6	8	2	1.03	0.97	1.35	4.15	0	0	596	707	36.6	4.04	2.22	0.54
Bi4B2O9	38.8	0.27	0.13	0.6	8	3	2	1.17	0.01	1.35	4.15	5.3	0	596	7.38	36.6	4.04	1.51	0.54
Bi12PbO19	38.6	0.38	0.03	0.59	8	6	2	1.17	1.19	1.35	4.15	4.1	0	596	579	36.6	4.04	4.16	0.54
Bi2Mo2O9	38	0.15	0.15	0.69	8	8	2	1.17	0.73	1.35	4.15	4.65	0	596	163	36.6	4.04	4.08	0.54
Bi12GeO20	38	0.36	0.03	0.61	8	6	2	1.17	0.53	1.35	4.15	4.55	0	596	235	36.6	4.04	2.55	0.54
Bi12SiO20	37.6	0.36	0.03	0.61	8	6	2	1.17	0.4	1.35	4.15	4.7	0	596	189	36.6	4.04	2.19	0.54
Nd4Ti9O24	37.5	0.11	0.24	0.65	9	6	2	1.163	0.605	1.35	3.19	3.8	0	252	571	36.6	9.38	4.49	0.54
La4Ti9O24	37	0.11	0.24	0.65	9	8	2	1.216	0.74	1.35	3.17	3.8	0	202	571	36.6	8.68	4.49	0.54
TiTe3O8	36	0.08	0.25	0.67	8	6	2	0.74	0.97	1.35	3.8	0	0	571	707	36.6	4.49	2.22	0.54
Nd2Ti2O7	36	0.18	0.18	0.64	9	6	2	1.163	0.605	1.35	3.19	3.8	0	252	571	36.6	9.38	4.49	0.54
BaZrO3	35	0.2	0.2	0.6	12	6	2	1.61	0.72	1.35	2.32	3.45	0	461	419	36.6	11.07	4.63	0.54
Bi2W2O9	32.5	0.15	0.15	0.69	8	6	2	1.17	0.6	1.35	4.15	4.8	0	596	458	36.6	4.04	2.4	0.54
SnTe3O8	32	0.08	0.25	0.67	8	6	2	0.81	0.97	1.35	4.15	0	0	662	707	36.6	3.02	2.22	0.54
Bi2MoO6	31	0.22	0.11	0.67	9	8	2	1.17	0.73	1.35	4.15	4.65	0	596	163	36.6	4.04	4.08	0.54
MgTa2O6	30.6	0.11	0.22	0.67	6	8	2	0.72	0.74	1.35	3.45	4.05	0	121	444	36.6	3.18	2.47	0.54
ZnTa2O6	30.3	0.11	0.22	0.67	6	8	2	0.74	0.74	1.35	4.1	4.05	0	189	444	36.6	2.24	2.47	0.54
SrZrO3	30	0.2	0.2	0.6	10	6	2	1.36	0.72	1.35	2.4	3.45	0	373	419	36.6	7.6	4.63	0.54
Ba5Ta4O15	30	0.21	0.17	0.62	12	6	2	1.61	0.64	1.35	2.32	4.05	0	461	444	36.6	11.07	2.47	0.54
CoTa2O6	29	0.11	0.22	0.67	6	6	2	0.7	0.64	1.35	5.1	4.05	0	125	444	36.6	3.01	2.47	0.54
CaZrO3	27	0.2	0.2	0.6	8	6	2	1.12	0.72	1.35	2.55	3.45	0	468	419	36.6	6.22	4.63	0.54
LaGaO3	27	0.2	0.2	0.6	10	6	2	1.27	0.76	1.35	3.17	4.1	0	202	212	36.6	8.68	4.47	0.54
Sr3Ti2O7	26	0.25	0.17	0.58	12	6	2	1.44	0.605	1.35	2.4	3.8	0	373	571	36.6	7.6	4.49	0.54
LaYbO3	26	0.2	0.2	0.6	8	6	2	1.16	0.868	1.35	3.17	3.22	0	202	401	36.6	8.68	7.26	0.54
PbMoO4	25.4	0.17	0.17	0.67	8	8	2	1.29	0.73	1.35	4.1	4.65	0	579	163	36.6	4.16	4.08	0.54
NiTa2O6	25	0.11	0.22	0.67	6	6	2	0.69	0.64	1.35	5.2	4.05	0	144	444	36.6	3.12	2.47	0.54
BaHfO3	24.2	0.2	0.2	0.6	12	6	2	1.61	0.71	1.35	2.32	3.6	0	461	430	36.6	11.07	3.19	0.54
LiNb3O8	24	0.08	0.25	0.67	6	6	2	0.76	0.64	1.35	2.85	4.05	0	1.96	441	36.6	9.1	4.45	0.54
SrHfO3	23.5	0.2	0.2	0.6	12	6	2	1.44	0.71	1.35	2.4	3.6	0	373	430	36.6	7.6	3.19	0.54
LaAlO3	23.4	0.2	0.2	0.6	12	6	2	1.36	0.535	1.35	3.17	4.2	0	202	152	36.6	8.68	5.23	0.54
PrAlO3	23.2	0.2	0.2	0.6	9	6	2	1.179	0.535	1.35	3.19	4.2	0	236	152	36.6	9.92	5.23	0.54
LaLuO3	22.4	0.2	0.2	0.6	8	6	2	1.16	0.861	1.35	3.17	3.22	0	202	416	36.6	8.68	7.73	0.54
CrNbO4	22	0.17	0.17	0.67	6	6	2	0.615	0.64	1.35	4.65	4.05	0	79.8	441	36.6	4.33	4.45	0.54
NdGaO3	22	0.2	0.2	0.6	9	6	2	1.163	0.76	1.35	3.19	4.1	0	252	212	36.6	9.38	4.47	0.54
NdAlO3	22	0.2	0.2	0.6	12	6	2	1.27	0.535	1.35	3.19	4.2	0	252	152	36.6	9.38	5.23	0.54
ZnNb2O6	21.5	0.11	0.22	0.67	6	6	2	0.74	0.64	1.35	4.1	4.05	0	189	441	36.6	2.24	4.45	0.54
PbWO4	21.4	0.17	0.17	0.67	8	6	2	1.29	0.6	1.35	4.1	4.8	0	579	458	36.6	4.16	2.4	0.54
CaHfO3	21.4	0.2	0.2	0.6	8	6	2	1.12	0.71	1.35	2.55	3.6	0	468	430	36.6	6.22	3.19	0.54
MgNb2O6	21.4	0.11	0.22	0.67	6	7	2	0.72	0.69	1.35	3.45	4.05	0	121	441	36.6	3.18	4.45	0.54
CaTa2O6	21.2	0.11	0.22	0.67	9	6	2	1.32	0.64	1.35	2.55	4.05	0	468	444	36.6	6.22	2.47	0.54
BaTe2O6	21	0.11	0.22	0.67	12	6	2	1.61	0.97	1.35	2.32	0	0	461	707	36.6	11.07	2.22	0.54
Zn3Nb2O8	21	0.23	0.15	0.62	6	6	2	0.74	0.64	1.35	4.1	4.05	0	189	441	36.6	2.24	4.45	0.54
NiNb2O6	21	0.11	0.22	0.67	6	7	2	0.69	0.69	1.35	5.2	4.05	0	144	441	36.6	3.12	4.45	0.54
MnNb2O6	20.9	0.11	0.22	0.67	8	6	2	0.96	0.64	1.35	4.45	4.05	0	93	441	36.6	3.48	4.45	0.54
CeAlO3	20.7	0.2	0.2	0.6	12	6	2	1.34	0.535	1.35	3.18	4.2	0	219	152	36.6	10.35	5.23	0.54
CoNb2O6	20.5	0.11	0.22	0.67	6	7	2	0.7	0.69	1.35	5.1	4.05	0	125	441	36.6	3.01	4.45	0.54
SmAlO3	20.4	0.2	0.2	0.6	9	6	2	1.132	0.535	1.35	3.2	4.2	0	284	152	36.6	8.62	5.23	0.54
MnTiO3	20.4	0.2	0.2	0.6	6	6	2	0.83	0.605	1.35	4.45	3.8	0	93	571	36.6	3.48	4.49	0.54
MnTa2O6	20.3	0.11	0.22	0.67	6	6	2	0.83	0.64	1.35	4.45	4.05	0	93	444	36.6	3.48	2.47	0.54
Zn2TiO4	20.2	0.29	0.14	0.57	8	6	2	0.9	0.605	1.35	4.1	3.8	0	189	571	36.6	2.24	4.49	0.54
SrNb2O6	20.1	0.11	0.22	0.67	9	6	2	1.31	0.64	1.35	2.4	4.05	0	373	441	36.6	7.6	4.45	0.54
Li2TiO3	19.8	0.33	0.17	0.5	6	6	2	0.76	0.605	1.35	2.85	3.8	0	1.96	571	36.6	9.1	4.49	0.54
La4Ti3O12	19.7	0.21	0.16	0.63	12	6	2	1.36	0.605	1.35	3.17	3.8	0	202	571	36.6	8.68	4.49	0.54
NdNbO4	19.6	0.17	0.17	0.67	8	8	2	1.109	0.74	1.35	3.19	4.05	0	252	441	36.6	9.38	4.45	0.54
CoTiO3	19.5	0.2	0.2	0.6	6	6	2	0.7	0.605	1.35	5.1	3.8	0	125	571	36.6	3.01	4.49	0.54
CaTe2O5	19.3	0.12	0.25	0.62	7	6	2	1.06	0.97	1.35	2.55	0	0	468	707	36.6	6.22	2.22	0.54
BiSbO4	19.3	0.17	0.17	0.67	8	6	2	1.17	0.6	1.35	4.15	4.4	0	596	288	36.6	4.04	2.37	0.54
LaNbO4	19.3	0.17	0.17	0.67	8	8	2	1.16	0.74	1.35	3.17	4.05	0	202	441	36.6	8.68	4.45	0.54
Pb2MoO5	19.1	0.25	0.12	0.62	8	4	2	1.29	0.41	1.35	4.1	4.65	0	579	163	36.6	4.16	4.08	0.54
ZnTiO3	19	0.2	0.2	0.6	6	6	2	0.74	0.605	1.35	4.1	3.8	0	189	571	36.6	2.24	4.49	0.54
Bi2Mo3O12	19	0.12	0.18	0.71	8	7	2	1.17	0.73	1.35	4.15	4.65	0	596	163	36.6	4.04	4.08	0.54
SmNbO4	18.8	0.17	0.17	0.67	8	8	2	1.079	0.74	1.35	3.2	4.05	0	284	441	36.6	8.62	4.45	0.54
GdAlO3	18.4	0.2	0.2	0.6	9	6	2	1.107	0.535	1.35	3.2	4.2	0	314	152	36.6	7.78	5.23	0.54
DyNbO4	17.8	0.17	0.17	0.67	8	8	2	1.027	0.74	1.35	3.21	4.05	0	344	441	36.6	7.74	4.45	0.54
NiTiO3	17.8	0.2	0.2	0.6	6	6	2	0.69	0.605	1.35	5.2	3.8	0	144	571	36.6	3.12	4.49	0.54
DyAlO3	17.6	0.2	0.2	0.6	9	6	2	1.083	0.535	1.35	3.21	4.2	0	344	152	36.6	7.74	5.23	0.54
BaTe4O9	17.5	0.07	0.29	0.64	10	6	2	1.52	0.97	1.35	2.32	0	0	461	707	36.6	11.07	2.22	0.54
LuNbO4	17.4	0.17	0.17	0.67	8	8	2	0.977	0.74	1.35	3.22	4.05	0	416	441	36.6	7.73	4.45	0.54
CaTeO3	17.4	0.2	0.2	0.6	7	6	2	1.06	0.97	1.35	2.55	0	0	468	707	36.6	6.22	2.22	0.54
MgTi2O5	17.4	0.12	0.25	0.62	6	6	2	0.72	0.605	1.35	3.45	3.8	0	121	571	36.6	3.18	4.49	0.54
MgTiO3	17.4	0.2	0.2	0.6	6	6	2	0.72	0.605	1.35	3.45	3.8	0	121	571	36.6	3.18	4.49	0.54
CaNb2O6	17.3	0.11	0.22	0.67	8	6	2	1.12	0.64	1.35	2.55	4.05	0	468	441	36.6	6.22	4.45	0.54
CuNb2O6	17.1	0.11	0.22	0.67	6	6	2	0.73	0.64	1.35	4.45	4.05	0	166	441	36.6	3.01	4.45	0.54
Nd2Sn2O7	17	0.18	0.18	0.64	8	6	2	1.109	0.69	1.35	3.19	4.15	0	252	662	36.6	9.38	3.02	0.54
Mg5Ta4O15	17	0.21	0.17	0.62	6	6	2	0.72	0.64	1.35	3.45	4.05	0	121	444	36.6	3.18	2.47	0.54
ErNbO4	16.6	0.17	0.17	0.67	8	8	2	1.004	0.74	1.35	3.22	4.05	0	373	441	36.6	7.46	4.45	0.54
Pb2WO5	16.4	0.25	0.12	0.62	8	4	2	1.29	0.42	1.35	4.1	4.8	0	579	458	36.6	4.16	2.4	0.54
ErAlO3	16.3	0.2	0.2	0.6	8	6	2	1.004	0.535	1.35	3.22	4.2	0	373	152	36.6	7.46	5.23	0.54
Zn2Te3O8	16.2	0.15	0.23	0.62	6	4	2	0.74	0.66	1.35	4.1	0	0	189	707	36.6	2.24	2.22	0.54
Mn4Nb2O9	16	0.27	0.13	0.6	6	6	2	0.83	0.64	1.35	4.45	4.05	0	93	441	36.6	3.48	4.45	0.54
Co4Nb2O9	16	0.27	0.13	0.6	6	6	2	0.7	0.64	1.35	5.1	4.05	0	125	441	36.6	3.01	4.45	0.54
ZnV2O6	16	0.11	0.22	0.67	8	6	2	0.9	0.54	1.35	4.1	4.25	0	189	68.4	36.6	2.24	4.48	0.54
Li3NbO4	15.8	0.38	0.12	0.5	6	6	2	0.76	0.64	1.35	2.85	4.05	0	1.96	441	36.6	9.1	4.45	0.54
Li2CeO3	15.8	0.33	0.17	0.5	6	6	2	0.76	0.87	1.35	2.85	3.18	0	1.96	219	36.6	9.1	10.35	0.54
YAlO3	15.7	0.2	0.2	0.6	9	6	2	1.075	0.535	1.35	3.2	4.2	0	396	152	36.6	5.57	5.23	0.54
SrTe2O5	15.5	0.12	0.25	0.62	7	6	2	1.24	0.97	1.35	2.4	0	0	373	707	36.6	7.6	2.22	0.54
Ca3WO6	15.3	0.3	0.1	0.6	7	6	2	1.06	0.6	1.35	2.55	4.8	0	468	458	36.6	6.22	2.4	0.54
CeTe2O6	15.2	0.11	0.22	0.67	8	6	2	0.97	0.97	1.35	3.18	0	0	219	707	36.6	10.35	2.22	0.54
Sr2TiO4	15	0.29	0.14	0.57	9	6	2	1.31	0.605	1.35	2.4	3.8	0	373	571	36.6	7.6	4.49	0.54
MnWO4	14.5	0.17	0.17	0.67	6	6	2	0.83	0.6	1.35	4.45	4.8	0	93	458	36.6	3.48	2.4	0.54
La2Sn2O7	14.4	0.18	0.18	0.64	8	6	2	1.16	0.69	1.35	3.17	4.15	0	202	662	36.6	8.68	3.02	0.54
Mg2TiO4	14.2	0.29	0.14	0.57	6	6	2	0.72	0.605	1.35	3.45	3.8	0	121	571	36.6	3.18	4.49	0.54
LaVO4	14.2	0.17	0.17	0.67	6	6	2	1.032	0.54	1.35	3.17	4.25	0	202	68.4	36.6	8.68	4.48	0.54
Li2ZrO3	14.1	0.33	0.17	0.5	6	6	2	0.76	0.72	1.35	2.85	3.45	0	1.96	419	36.6	9.1	4.63	0.54
Te2MoO7	13.6	0.2	0.1	0.7	6	6	2	0.97	0.59	1.35	0	4.65	0	707	163	36.6	2.22	4.08	0.54
Li2MnO3	13.6	0.33	0.17	0.5	6	6	2	0.76	0.53	1.35	2.85	4.45	0	1.96	93	36.6	9.1	3.48	0.54
ZnWO4	13.5	0.17	0.17	0.67	8	6	2	0.9	0.6	1.35	4.1	4.8	0	189	458	36.6	2.24	2.4	0.54
NiWO4	13.3	0.17	0.17	0.67	6	6	2	0.69	0.6	1.35	5.2	4.8	0	144	458	36.6	3.12	2.4	0.54
Ba2SiO4	13.1	0.29	0.14	0.57	9	4	2	1.47	0.26	1.35	2.32	4.7	0	461	189	36.6	11.07	2.19	0.54
Ba3(VO4)2	13	0.23	0.15	0.62	12	4	2	1.61	0.355	1.35	2.32	4.25	0	461	68.4	36.6	11.07	4.48	0.54
Na2Mo2O7	12.9	0.18	0.18	0.64	9	6	2	1.24	0.59	1.35	2.7	4.65	0	95.3	163	36.6	11.8	4.08	0.54
Li2SnO3	12.8	0.33	0.17	0.5	6	6	2	0.76	0.69	1.35	2.85	4.15	0	1.96	662	36.6	9.1	3.02	0.54
Eu3Ga5O12	12.5	0.15	0.25	0.6	8	5	2	1.066	0.55	1.35	3.2	4.1	0	299	212	36.6	8.38	4.47	0.54
Nd3Ga5O12	12.4	0.15	0.25	0.6	8	5	2	1.109	0.55	1.35	3.19	4.1	0	252	212	36.6	9.38	4.47	0.54
Sm3Ga5O12	12.3	0.15	0.25	0.6	8	5	2	1.079	0.55	1.35	3.2	4.1	0	284	212	36.6	8.62	4.47	0.54
Ba3V2O8	12.3	0.23	0.15	0.62	12	4	2	1.61	0.355	1.35	2.32	4.25	0	461	68.4	36.6	11.07	4.48	0.54
CeVO4	12.3	0.17	0.17	0.67	6	6	2	1.01	0.54	1.35	3.18	4.25	0	219	68.4	36.6	10.35	4.48	0.54
Dy3Ga5O12	12.2	0.15	0.25	0.6	8	5	2	1.027	0.55	1.35	3.21	4.1	0	344	212	36.6	7.74	4.47	0.54
Sr3V2O8	12.2	0.23	0.15	0.62	12	4	2	1.44	0.355	1.35	2.4	4.25	0	373	68.4	36.6	7.6	4.48	0.54
Ca2V2O7	12.1	0.18	0.18	0.64	8	4	2	1.12	0.355	1.35	2.55	4.25	0	468	68.4	36.6	6.22	4.48	0.54
AlNbO4	12	0.17	0.17	0.67	6	6	2	0.535	0.64	1.35	4.2	4.05	0	152	441	36.6	5.23	4.45	0.54
NbAlO4	12	0.17	0.17	0.67	6	6	2	0.64	0.535	1.35	4.05	4.2	0	441	152	36.6	4.45	5.23	0.54
NdVO4	12	0.17	0.17	0.67	6	6	2	0.983	0.54	1.35	3.19	4.25	0	252	68.4	36.6	9.38	4.48	0.54
LaBO3	11.8	0.2	0.2	0.6	9	3	2	1.216	0.01	1.35	3.17	5.3	0	202	7.38	36.6	8.68	1.51	0.54
CaMoO4	11.7	0.17	0.17	0.67	8	8	2	1.12	0.73	1.35	2.55	4.65	0	468	163	36.6	6.22	4.08	0.54
SmVO4	11.7	0.17	0.17	0.67	8	6	2	1.079	0.54	1.35	3.2	4.25	0	284	68.4	36.6	8.62	4.48	0.54
Yb3Ga5O12	11.5	0.15	0.25	0.6	8	5	2	0.985	0.55	1.35	3.22	4.1	0	401	212	36.6	7.26	4.47	0.54
Cu3Nb2O8	11.2	0.23	0.15	0.62	6	6	2	0.73	0.64	1.35	4.45	4.05	0	166	441	36.6	3.01	4.45	0.54
BaV2O6	11.2	0.11	0.22	0.67	6	6	2	1.35	0.54	1.35	2.32	4.25	0	461	68.4	36.6	11.07	4.48	0.54
CePO4	11.1	0.17	0.17	0.67	8	4	2	1.143	0.17	1.35	3.18	5.55	0	219	229	36.6	10.35	1.34	0.54
BaSiO3	11.1	0.2	0.2	0.6	8	4	2	1.42	0.26	1.35	2.32	4.7	0	461	189	36.6	11.07	2.19	0.54
NdBO3	11	0.2	0.2	0.6	8	3	2	1.109	0.01	1.35	3.19	5.3	0	252	7.38	36.6	9.38	1.51	0.54
Mg4Nb2O9	11	0.27	0.13	0.6	6	6	2	0.72	0.64	1.35	3.45	4.05	0	121	441	36.6	3.18	4.45	0.54
TiP2O7	11	0.1	0.2	0.7	4	6	2	0.42	0.38	1.35	3.8	5.55	0	571	229	36.6	4.49	1.34	0.54
Mg5Nb4O15	11	0.21	0.17	0.62	6	6	2	0.72	0.64	1.35	3.45	4.05	0	121	441	36.6	3.18	4.45	0.54
CaGe2O5	10.9	0.12	0.25	0.62	8	6	2	1.12	0.53	1.35	2.55	4.55	0	468	235	36.6	6.22	2.55	0.54
CoWO4	10.7	0.17	0.17	0.67	6	6	2	0.7	0.6	1.35	5.1	4.8	0	125	458	36.6	3.01	2.4	0.54
Sm2Mo4O15	10.7	0.1	0.19	0.71	8	7	2	1.079	0.73	1.35	3.2	4.65	0	284	163	36.6	8.62	4.08	0.54
MgTe2O5	10.5	0.12	0.25	0.62	6	6	2	0.72	0.97	1.35	3.45	0	0	121	707	36.6	3.18	2.22	0.54
Mg2V2O7	10.5	0.18	0.18	0.64	6	6	2	0.72	0.54	1.35	3.45	4.25	0	121	68.4	36.6	3.18	4.48	0.54
LaPO4	10.4	0.17	0.17	0.67	8	4	2	1.16	0.17	1.35	3.17	5.55	0	202	229	36.6	8.68	1.34	0.54
Sr2V2O7	10.4	0.18	0.18	0.64	8	4	2	1.26	0.355	1.35	2.4	4.25	0	373	68.4	36.6	7.6	4.48	0.54
Y3Al5O12	10.4	0.15	0.25	0.6	8	5	2	1.019	0.48	1.35	3.2	4.2	0	396	152	36.6	5.57	5.23	0.54
ZnGa2O4	10.4	0.14	0.29	0.57	4	6	2	0.6	0.62	1.35	4.1	4.1	0	189	212	36.6	2.24	4.47	0.54
SmPO4	10.3	0.17	0.17	0.67	9	5	2	1.132	0.29	1.35	3.2	5.55	0	284	229	36.6	8.62	1.34	0.54
Bi6B10O24	10.2	0.15	0.25	0.6	8	4	2	1.17	0.11	1.35	4.15	5.3	0	596	7.38	36.6	4.04	1.51	0.54
CaV2O6	10.2	0.11	0.22	0.67	8	6	2	1.12	0.54	1.35	2.55	4.25	0	468	68.4	36.6	6.22	4.48	0.54
La2Mo3O12	10.1	0.12	0.18	0.71	9	8	2	1.216	0.73	1.35	3.17	4.65	0	202	163	36.6	8.68	4.08	0.54
CdMoO4	10.1	0.17	0.17	0.67	8	8	2	1.1	0.73	1.35	4.05	4.65	0	613	163	36.6	2.54	4.08	0.54
Mg4Ta2O9	10	0.27	0.13	0.6	6	6	2	0.72	0.64	1.35	3.45	4.05	0	121	444	36.6	3.18	2.47	0.54
BaTeO3	10	0.2	0.2	0.6	9	6	2	1.47	0.97	1.35	2.32	0	0	461	707	36.6	11.07	2.22	0.54
Sm2Si2O7	10	0.18	0.18	0.64	8	4	2	1.079	0.26	1.35	3.2	4.7	0	284	189	36.6	8.62	2.19	0.54
MgWO4	9.9	0.17	0.17	0.67	6	6	2	0.72	0.6	1.35	3.45	4.8	0	121	458	36.6	3.18	2.4	0.54
Na6Mo11O36	9.9	0.11	0.21	0.68	8	6	2	1.18	0.59	1.35	2.7	4.65	0	95.3	163	36.6	11.8	4.08	0.54
CrTaO4	9.7	0.17	0.17	0.67	6	6	2	0.615	0.64	1.35	4.65	4.05	0	79.8	444	36.6	4.33	2.47	0.54
SrV2O6	9.66	0.11	0.22	0.67	6	6	2	1.18	0.54	1.35	2.4	4.25	0	373	68.4	36.6	7.6	4.48	0.54
Ba3V4O13	9.6	0.15	0.2	0.65	10	4	2	1.52	0.355	1.35	2.32	4.25	0	461	68.4	36.6	11.07	4.48	0.54
SrMoO4	9.5	0.17	0.17	0.67	8	8	2	1.26	0.73	1.35	2.4	4.65	0	373	163	36.6	7.6	4.08	0.54
Sr2SiO4	9.5	0.29	0.14	0.57	8	4	2	1.26	0.26	1.35	2.4	4.7	0	373	189	36.6	7.6	2.19	0.54
MgGa2O4	9.5	0.14	0.29	0.57	6	6	2	0.72	0.76	1.35	3.45	4.1	0	121	212	36.6	3.18	4.47	0.54
SmBO3	9.3	0.2	0.2	0.6	8	3	2	1.079	0.01	1.35	3.2	5.3	0	284	7.38	36.6	8.62	1.51	0.54
BaMoO4	9	0.17	0.17	0.67	12	8	2	1.61	0.73	1.35	2.32	4.65	0	461	163	36.6	11.07	4.08	0.54
Zn2V2O7	9	0.18	0.18	0.64	5	5	2	0.68	0.46	1.35	4.1	4.25	0	189	68.4	36.6	2.24	4.48	0.54
CaGeO3	8.9	0.2	0.2	0.6	6	4	2	1	0.39	1.35	2.55	4.55	0	468	235	36.6	6.22	2.55	0.54
CaAl2O4	8.9	0.14	0.29	0.57	6	6	2	1	0.535	1.35	2.55	4.2	0	468	152	36.6	6.22	5.23	0.54
Li2Mo4O13	8.8	0.11	0.21	0.68	6	6	2	0.76	0.59	1.35	2.85	4.65	0	1.96	163	36.6	9.1	4.08	0.54
ZnMoO4	8.7	0.17	0.17	0.67	6	5	2	0.74	0.61	1.35	4.1	4.65	0	189	163	36.6	2.24	4.08	0.54
CaWO4	8.7	0.17	0.17	0.67	8	6	2	1.12	0.6	1.35	2.55	4.8	0	468	458	36.6	6.22	2.4	0.54
NdPO4	8.7	0.17	0.17	0.67	9	5	2	1.163	0.29	1.35	3.19	5.55	0	252	229	36.6	9.38	1.34	0.54
(Al0.5Ta0.5)O2	8.7	0.17	0.17	0.67	6	6	2	0.535	0.64	1.35	4.2	4.05	0	152	444	36.6	5.23	2.47	0.54
ZnAl2O4	8.7	0.14	0.29	0.57	4	6	2	0.6	0.535	1.35	4.1	4.2	0	189	152	36.6	2.24	5.23	0.54
MgAl2O4	8.5	0.14	0.29	0.57	4	6	2	0.57	0.535	1.35	3.45	4.2	0	121	152	36.6	3.18	5.23	0.54
MnMoO4	8.5	0.17	0.17	0.67	6	5	2	0.83	0.5	1.35	4.45	4.65	0	93	163	36.6	3.48	4.08	0.54
Mn2SiO4	8.5	0.29	0.14	0.57	6	4	2	0.83	0.26	1.35	4.45	4.7	0	93	189	36.6	3.48	2.19	0.54
Sm2SiO5	8.4	0.25	0.12	0.62	8	4	2	1.079	0.26	1.35	3.2	4.7	0	284	189	36.6	8.62	2.19	0.54
Mg2SnO4	8.4	0.29	0.14	0.57	6	6	2	0.72	0.69	1.35	3.45	4.15	0	121	662	36.6	3.18	3.02	0.54
CaSiO3	8.4	0.2	0.2	0.6	6	4	2	1	0.26	1.35	2.55	4.7	0	468	189	36.6	6.22	2.19	0.54
Nd2Mo3O12	8.2	0.12	0.18	0.71	8	8	2	1.109	0.73	1.35	3.19	4.65	0	252	163	36.6	9.38	4.08	0.54
YbPO4	8.2	0.17	0.17	0.67	8	4	2	0.985	0.17	1.35	3.22	5.55	0	401	229	36.6	7.26	1.34	0.54
SrWO4	8.1	0.17	0.17	0.67	8	6	2	1.26	0.6	1.35	2.4	4.8	0	373	458	36.6	7.6	2.4	0.54
BaWO4	8.1	0.17	0.17	0.67	12	6	2	1.61	0.6	1.35	2.32	4.8	0	461	458	36.6	11.07	2.4	0.54
Ag2MoO4	8.1	0.29	0.14	0.57	6	8	2	1.15	0.73	1.35	4.35	4.65	0	586	163	36.6	3.29	4.08	0.54
YPO4	8	0.17	0.17	0.67	8	4	2	1.019	0.17	1.35	3.2	5.55	0	396	229	36.6	5.57	1.34	0.54
Nd2SiO5	7.9	0.25	0.12	0.62	8	4	2	1.109	0.26	1.35	3.19	4.7	0	252	189	36.6	9.38	2.19	0.54
DyPO4	7.8	0.17	0.17	0.67	8	4	2	1.027	0.17	1.35	3.21	5.55	0	344	229	36.6	7.74	1.34	0.54
TbPO4	7.8	0.17	0.17	0.67	8	4	2	1.04	0.17	1.35	3.21	5.55	0	329	229	36.6	7.91	1.34	0.54
Ca3Si2O7	7.8	0.25	0.17	0.58	7	4	2	1.06	0.26	1.35	2.55	4.7	0	468	189	36.6	6.22	2.19	0.54
Ca2P2O7	7.8	0.18	0.18	0.64	6	5	2	1	0.29	1.35	2.55	5.55	0	468	229	36.6	6.22	1.34	0.54
K2Mo2O7	7.5	0.18	0.18	0.64	10	6	2	1.59	0.59	1.35	2.25	4.65	0	417	163	36.6	19.69	4.08	0.54
Zn2P2O7	7.5	0.18	0.18	0.64	6	5	2	0.74	0.29	1.35	4.1	5.55	0	189	229	36.6	2.24	1.34	0.54
ZrSiO4	7.4	0.17	0.17	0.67	8	4	2	0.84	0.26	1.35	3.45	4.7	0	419	189	36.6	4.63	2.19	0.54
Mn2P2O7	7.3	0.18	0.18	0.64	6	5	2	0.83	0.29	1.35	4.45	5.55	0	93	229	36.6	3.48	1.34	0.54
Mg3B2O6	7.2	0.27	0.18	0.55	6	4	2	0.72	0.11	1.35	3.45	5.3	0	121	7.38	36.6	3.18	1.51	0.54
MgMoO4	7.1	0.17	0.17	0.67	6	6	2	0.72	0.59	1.35	3.45	4.65	0	121	163	36.6	3.18	4.08	0.54
Sr2P2O7	7.1	0.18	0.18	0.64	6	5	2	1.18	0.29	1.35	2.4	5.55	0	373	229	36.6	7.6	1.34	0.54
HfSiO4	7	0.17	0.17	0.67	8	4	2	0.83	0.26	1.35	3.6	4.7	0	430	189	36.6	3.19	2.19	0.54
Ba2V2O7	7	0.18	0.18	0.64	8	4	2	1.42	0.355	1.35	2.32	4.25	0	461	68.4	36.6	11.07	4.48	0.54
Ba2P2O7	7	0.18	0.18	0.64	6	5	2	1.35	0.29	1.35	2.32	5.55	0	461	229	36.6	11.07	1.34	0.54
Zn2GeO4	6.9	0.29	0.14	0.57	4	4	2	0.6	0.39	1.35	4.1	4.55	0	189	235	36.6	2.24	2.55	0.54
Mg2SiO4	6.8	0.29	0.14	0.57	6	4	2	0.72	0.26	1.35	3.45	4.7	0	121	189	36.6	3.18	2.19	0.54
SrSiO3	6.8	0.2	0.2	0.6	8	4	2	1.26	0.26	1.35	2.4	4.7	0	373	189	36.6	7.6	2.19	0.54
K2Mo4O13	6.8	0.11	0.21	0.68	10	6	2	1.59	0.59	1.35	2.25	4.65	0	417	163	36.6	19.69	4.08	0.54
MgGeO3	6.8	0.2	0.2	0.6	6	4	2	0.72	0.39	1.35	3.45	4.55	0	121	235	36.6	3.18	2.55	0.54
MgSiO3	6.7	0.2	0.2	0.6	4	4	2	0.57	0.26	1.35	3.45	4.7	0	121	189	36.6	3.18	2.19	0.54
Zn3B2O6	6.7	0.27	0.18	0.55	4	3	2	0.6	0.01	1.35	4.1	5.3	0	189	7.38	36.6	2.24	1.51	0.54
ZnGeO3	6.6	0.2	0.2	0.6	6	4	2	0.74	0.39	1.35	4.1	4.55	0	189	235	36.6	2.24	2.55	0.54
Zn2SiO4	6.58	0.29	0.14	0.57	4	4	2	0.6	0.26	1.35	4.1	4.7	0	189	189	36.6	2.24	2.19	0.54
AlSbO4	6.3	0.17	0.17	0.67	6	6	2	0.535	0.6	1.35	4.2	4.4	0	152	288	36.6	5.23	2.37	0.54
Mg2B2O5	6.2	0.22	0.22	0.56	6	3	2	0.72	0.01	1.35	3.45	5.3	0	121	7.38	36.6	3.18	1.51	0.54
Mg2P2O7	6.1	0.18	0.18	0.64	6	5	2	0.72	0.29	1.35	3.45	5.55	0	121	229	36.6	3.18	1.34	0.54
Al2Mo3O12	5.67	0.12	0.18	0.71	6	8	2	0.535	0.73	1.35	4.2	4.65	0	152	163	36.6	5.23	4.08	0.54
K2Mo3O10	5.6	0.13	0.2	0.67	10	6	2	1.59	0.59	1.35	2.25	4.65	0	417	163	36.6	19.69	4.08	0.54
Li2WO4	5.5	0.29	0.14	0.57	6	6	2	0.76	0.6	1.35	2.85	4.8	0	1.96	458	36.6	9.1	2.4	0.54
Al2SiO5	5.3	0.25	0.12	0.62	6	4	2	0.535	0.26	1.35	4.2	4.7	0	152	189	36.6	5.23	2.19	0.54
Li2MoO4	5.2	0.29	0.14	0.57	4	4	2	0.59	0.41	1.35	2.85	4.65	0	1.96	163	36.6	9.1	4.08	0.54
Na2MoO4	4.1	0.29	0.14	0.57	6	6	2	1.02	0.59	1.35	2.7	4.65	0	95.3	163	36.6	11.8	4.08	0.54
