formula	tf	Ax	Bx	Cx	Dx	Acn	Bcn	Ccn	Dcn	Av	Bv	Cv	Dv	Air	Bir	Cir	Dir	Aav	Bav	Cav	Dav	Aced	Bced	Cced	Dced	Acp	Bcp	Ccp	Dcp eps
Ba4.8Nd8.8Ti18O54	97.4	0.06	0.1	0.21	0.63	12	12	6	2	2	3	4	-2	1.35	0.983	0.605	1.35	6.299	3.418	1.764	1.736	1.44	1.17	0.91	0.85	2.32	3.19	3.8	0	87.7
Ba4.5Nd9Ti18O54	85.02	0.05	0.11	0.21	0.63	12	12	6	2	2	3	4	-2	1.35	0.983	0.605	1.35	6.299	3.418	1.764	1.736	1.44	1.17	0.91	0.85	2.32	3.19	3.8	0	86.1
Ba4.2Nd9.2Ti18O54	76	0.05	0.11	0.21	0.63	12	12	6	2	2	3	4	-2	1.35	0.983	0.605	1.35	6.299	3.418	1.764	1.736	1.44	1.17	0.91	0.85	2.32	3.19	3.8	0	88
Nd0.5Ti0.5NbO4	76	0.08	0.08	0.17	0.67	6	6	6	2	2	4	5	-2	1.29	0.605	0.64	1.35	3.418	1.764	1.807	1.736	1.17	0.91	0.95	0.85	3.19	3.8	4.05	0	60.6
Ba4Nd9.33Ti18O54	71	0.05	0.11	0.21	0.63	12	12	6	2	2	3	4	-2	1.35	0.983	0.605	1.35	6.299	3.418	1.764	1.736	1.44	1.17	0.91	0.85	2.32	3.19	3.8	0	82.5
Ba3.9Nd9.4Ti18O54	67.07	0.05	0.11	0.21	0.63	12	12	6	2	2	3	4	-2	1.35	0.983	0.605	1.35	6.299	3.418	1.764	1.736	1.44	1.17	0.91	0.85	2.32	3.19	3.8	0	87.1
Cu0.5Ti0.5NbO4	49	0.08	0.08	0.17	0.67	6	6	6	2	2	4	5	-2	0.73	0.605	0.64	1.35	1.181	1.764	1.807	1.736	1.12	0.91	0.95	0.85	4.45	3.8	4.05	0	71.2
Ba3Ti4Ta4O21	48	0.09	0.12	0.12	0.66	13	6	6	2	2	4	5	-2	1.61	0.745	0.64	1.35	6.299	1.764	1.801	1.736	1.44	0.91	0.95	0.85	2.32	3.8	4.05	0	48
Ba8Ta6ZnO24	40	0.21	0.15	0.03	0.62	12	6	6	2	2	5	2	-2	1.24	0.78	2.7	1.35	6.299	1.801	1.521	1.736	1.44	0.95	1.25	0.85	2.32	4.05	4.1	0	28.9
Ba(Mn0.33Ta0.67)O3	34	0.2	0.07	0.13	0.6	12	6	6	2	2	5	3	-2	1.24	0.47	7.81	1.35	6.299	1.22	1.801	1.736	1.44	0.79	0.95	0.85	2.32	4.45	4.05	0	32
Ba8Ta6NiO24	33	0.21	0.15	0.03	0.62	12	6	6	2	2	5	2	-2	1.24	0.78	2.9	1.35	6.299	1.801	1.093	1.736	1.44	0.95	1.13	0.85	2.32	4.05	5.2	0	27.5
Ba11Nb8TiO33	33	0.21	0.15	0.02	0.62	12	6	6	2	2	5	4	-2	1.61	0.64	0.605	1.35	6.299	1.807	1.764	1.736	1.44	0.95	0.91	0.85	2.32	4.05	3.8	0	43.5
Ba8Nb4Ti3O24	33	0.21	0.1	0.08	0.62	12	6	6	2	2	5	4	-2	1.61	0.64	0.605	1.35	6.299	1.807	1.764	1.736	1.44	0.95	0.91	0.85	2.32	4.05	3.8	0	44.1
Sr5NbTa3O15	31	0.21	0.04	0.12	0.62	12	6	6	2	2	5	5	-2	1.58	0.64	0.64	1.35	5.632	1.807	1.801	1.736	1.39	0.95	0.95	0.85	2.4	4.05	4.05	0	36.2
Ba2Ti3Nb4O18	30	0.07	0.11	0.15	0.67	12	6	6	2	2	4	5	-2	1.61	0.745	0.64	1.35	6.299	1.764	1.807	1.736	1.44	0.91	0.95	0.85	2.32	3.8	4.05	0	38
(Zn0.33Ta0.67)0.7Ti0.3O2	30	0.08	0.16	0.1	0.67	6	6	6	2	2	5	4	-2	0.74	0.923	0.605	1.35	1.521	1.801	1.764	1.736	1.25	0.95	0.91	0.85	4.1	4.05	3.8	0	55.3
Pb0.65Ca.35ZrO3	29	0.13	0.07	0.2	0.6	12	12	6	2	2	2	4	-2	1.49	1	0.72	1.35	3.034	4.633	2.328	1.736	1.43	1.25	0.98	0.85	4.1	2.55	3.45	0	118
Sr6Nb4TiO18	26	0.21	0.14	0.03	0.62	12	6	6	2	2	5	4	-2	1.58	0.64	0.605	1.35	5.632	1.807	1.764	1.736	1.39	0.95	0.91	0.85	2.4	4.05	3.8	0	43
Ba16Nb12TiO48	25	0.21	0.16	0.01	0.62	12	6	6	2	2	5	4	-2	1.61	0.64	0.605	1.35	6.299	1.807	1.764	1.736	1.44	0.95	0.91	0.85	2.32	4.05	3.8	0	42.9
Ba21Nb16TiO63	25	0.21	0.16	0.01	0.62	12	6	6	2	2	5	4	-2	1.61	0.64	0.605	1.35	6.299	1.807	1.764	1.736	1.44	0.95	0.91	0.85	2.32	4.05	3.8	0	42.7
Ba3YNb3O12	24	0.16	0.05	0.16	0.63	12	6	6	2	2	3	5	-2	1.24	1.04	10.42	1.35	6.299	3.318	1.807	1.736	1.44	1.22	0.95	0.85	2.32	3.2	4.05	0	29.9
Ba5Nb2Ta2O15	22	0.21	0.08	0.08	0.62	12	6	6	2	2	5	5	-2	1.61	0.64	0.64	1.35	6.299	1.807	1.801	1.736	1.44	0.95	0.95	0.85	2.32	4.05	4.05	0	27
Ba(Sm0.5Nb0.5)O3	21	0.2	0.1	0.1	0.6	12	6	6	2	2	3	5	-2	1.24	1.098	10.42	1.35	6.299	3.318	1.807	1.736	1.44	1.11	0.95	0.85	2.32	3.2	4.05	0	39.7
Sr2La4Ti5O18	20	0.07	0.14	0.17	0.62	12	12	6	2	2	3	4	-2	1.58	1.5	0.605	1.35	5.632	3.741	1.764	1.736	1.39	1.34	0.91	0.85	2.4	3.17	3.8	0	39.2
Ba(Mg0.33Nb0.67)O3	18	0.2	0.07	0.13	0.6	12	6	6	2	2	2	5	-2	1.24	0.86	10.42	1.35	6.299	2.324	1.807	1.736	1.44	1.09	0.95	0.85	2.32	3.45	4.05	0	31
Ba8Ta6MgO24	18	0.21	0.15	0.03	0.62	12	6	6	2	2	5	2	-2	1.24	0.78	2.78	1.35	6.299	1.801	2.324	1.736	1.44	0.95	1.09	0.85	2.32	4.05	3.45	0	26.6
Ba(Y0.5Nb0.5)O3	15	0.2	0.1	0.1	0.6	12	6	6	2	2	3	5	-2	1.24	1.04	10.42	1.35	6.299	3.318	1.807	1.736	1.44	1.22	0.95	0.85	2.32	3.2	4.05	0	37
Ba(Nd0.5Nb0.5)O3	13	0.2	0.1	0.1	0.6	12	6	6	2	2	3	5	-2	1.24	1.123	10.42	1.35	6.299	3.418	1.807	1.736	1.44	1.17	0.95	0.85	2.32	3.19	4.05	0	41.9
Li2.081Ti0.676Nb0.243O3	13	0.35	0.11	0.04	0.5	8	6	6	2	1	4	5	-2	1.06	0.745	10.42	1.35	2.162	1.764	1.807	1.736	1.75	0.91	0.95	0.85	2.85	3.8	4.05	0	20
Dy(W0.5Ti1.5)O6	10	0.11	0.06	0.17	0.67	12	6	6	2	3	6	4	-2	1.052	0.74	6.61	1.35	3.152	1.586	1.764	1.736	1.07	0.92	0.91	0.85	3.21	4.8	3.8	0	35.6
Nd(W0.5Ti1.5)O6	9	0.11	0.06	0.17	0.67	12	6	6	2	3	6	4	-2	1.29	0.74	6.61	1.35	3.418	1.586	1.764	1.736	1.17	0.92	0.91	0.85	3.19	4.8	3.8	0	42
Li2CaSiO4	8	0.25	0.12	0.12	0.5	4	8	4	2	1	2	4	-2	0.59	1.12	0.4	1.35	2.162	4.633	2.002	1.736	1.75	1.25	1.18	0.85	2.85	2.55	4.7	0	4.4
(Bi0.9Nd0.1)2Mo2O9	8	0.14	0.02	0.15	0.69	6	6	4	2	3	3	6	-2	1.06	0.983	0.59	1.35	3.538	3.418	1.558	1.736	1.38	1.17	0.9	0.85	4.15	3.19	4.65	0	33.9
DyTiTaO6	7	0.11	0.11	0.11	0.67	12	6	6	2	3	4	3	-2	1.052	0.745	7.81	1.35	3.152	1.764	1.801	1.736	1.07	0.91	0.95	0.85	3.21	3.8	4.05	0	34.6
Li2CoTi3O8	7	0.14	0.07	0.21	0.57	8	6	6	2	1	2	4	-2	1.06	2.99	6.61	1.35	2.162	1.108	1.764	1.736	1.75	0.71	0.91	0.85	2.85	5.1	3.8	0	28.9
Ba(Eu0.5Nb0.5)O3	7	0.2	0.1	0.1	0.6	12	6	6	2	2	3	5	-2	1.24	3.17	10.42	1.35	6.299	4.813	1.807	1.736	1.44	1.1	0.95	0.85	2.32	3.2	4.05	0	40
Mg0.93Ca0.07TiO3	6	0.19	0.01	0.2	0.6	12	6	6	2	2	2	4	-2	1.1	2	6.61	1.35	2.324	4.633	1.764	1.736	1.09	1.25	0.91	0.85	3.45	2.55	3.8	0	22.2
SrTb4Si3O13	6	0.05	0.19	0.14	0.62	9	8	4	2	2	3	4	-2	0.131	1.04	0.26	1.35	5.632	3.213	2.002	1.736	1.39	1.08	1.18	0.85	2.4	3.21	4.7	0	14.3
Ba(Gd0.5Nb0.5)O3	5	0.2	0.1	0.1	0.6	12	6	6	2	2	3	5	-2	1.24	5.63	10.42	1.35	6.299	3.31	1.807	1.736	1.44	1.09	0.95	0.85	2.32	3.2	4.05	0	40
Ba(Sm0.5Ta0.5)O3	5	0.2	0.1	0.1	0.6	12	6	6	2	2	3	5	-2	1.24	1.098	7.81	1.35	6.299	3.318	1.801	1.736	1.44	1.11	0.95	0.85	2.32	3.2	4.05	0	34.3
Nd2BaZnO5	4.6	0.22	0.11	0.11	0.56	12	6	6	2	3	2	2	-2	1.29	1.48	2.7	1.35	3.418	6.299	1.521	1.736	1.17	1.44	1.25	0.85	3.19	2.32	4.1	0	22.6
SrSm2Al2O7	4	0.08	0.17	0.17	0.58	12	6	6	2	2	3	3	-2	1.44	1.098	5.61	1.35	5.632	3.318	1.66	1.736	1.39	1.11	1.25	0.85	2.4	3.2	4.2	0	21.6
Mg4La2Ti5O17	4	0.14	0.07	0.18	0.61	12	6	6	2	2	3	4	-2	1.1	1.172	6.61	1.35	2.324	3.741	1.764	1.736	1.09	1.34	0.91	0.85	3.45	3.17	3.8	0	31
Ba(Zn0.33Nb0.67)O3	4	0.2	0.07	0.13	0.6	12	6	6	2	2	2	5	-2	1.24	0.88	10.42	1.35	6.299	1.521	1.807	1.736	1.44	1.25	0.95	0.85	2.32	4.1	4.05	0	41
BaTi3.98Sn0.02O9	3.6	0.07	0.28	0	0.64	12	6	6	2	2	4	4	-2	1.24	0.745	5.8	1.35	6.299	1.764	2.705	1.736	1.44	0.91	1.41	0.85	2.32	3.8	4.15	0	34.2
Ba(Mg0.33Ta0.67)O3	3	0.2	0.07	0.13	0.6	12	6	6	2	2	2	5	-2	1.24	0.86	7.81	1.35	6.299	2.324	1.801	1.736	1.44	1.09	0.95	0.85	2.32	3.45	4.05	0	25.1
CaZrB2O6	3	0.1	0.1	0.2	0.6	8	6	4	2	2	4	3	-2	1.12	0.72	0.11	1.35	4.633	2.328	0.789	1.736	1.25	0.98	1.16	0.85	2.55	3.45	5.3	0	8.1
Ba(Nd0.5Ta0.5)O3	2.9	0.2	0.1	0.1	0.6	12	6	6	2	2	3	3	-2	1.24	1.123	7.81	1.35	6.299	3.418	1.801	1.736	1.44	1.17	0.95	0.85	2.32	3.19	4.05	0	36
Li2MgTi3O8	2	0.14	0.07	0.21	0.57	8	6	6	2	1	2	4	-2	1.06	0.86	6.61	1.35	2.162	2.324	1.764	1.736	1.75	1.09	0.91	0.85	2.85	3.45	3.8	0	23
Ba(Zn0.33Ta0.67)O3	1	0.2	0.07	0.13	0.6	12	6	6	2	2	2	5	-2	1.24	0.88	7.81	1.35	6.299	1.521	1.801	1.736	1.44	1.25	0.95	0.85	2.32	4.1	4.05	0	28
La2BaZnO5	-0.9	0.22	0.11	0.11	0.56	12	6	6	2	3	2	2	-2	1.5	1.48	2.7	1.35	3.741	6.299	1.521	1.736	1.34	1.44	1.25	0.85	3.17	2.32	4.1	0	20.3
MgTa1.5Nb0.5O6	-1	0.11	0.17	0.06	0.67	12	6	6	2	2	5	5	-2	1.1	0.78	10.42	1.35	2.324	1.801	1.807	1.736	1.09	0.95	0.95	0.85	3.45	4.05	4.05	0	27.9
Sm(W0.5Ti1.5)O6	-1	0.11	0.06	0.17	0.67	12	6	6	2	3	6	4	-2	1.32	0.74	6.61	1.35	3.318	1.586	1.764	1.736	1.11	0.92	0.91	0.85	3.2	4.8	3.8	0	39.4
Eu2BaCuO5	-2	0.22	0.11	0.11	0.56	9	7	5	2	3	2	2	-2	1.13	1.38	0.73	1.35	4.813	6.299	1.181	1.736	1.1	1.44	1.12	0.85	3.2	2.32	4.45	0	17.1
Ba(Tb0.5Nb0.5)O3	-2	0.2	0.1	0.1	0.6	12	6	6	2	2	3	5	-2	1.24	1.063	10.42	1.35	6.299	3.213	1.807	1.736	1.44	1.08	0.95	0.85	2.32	3.21	4.05	0	39
Sr5Nb2Ta2O15	-2	0.21	0.08	0.08	0.62	12	6	6	2	2	5	5	-2	1.58	0.64	0.64	1.35	5.632	1.807	1.801	1.736	1.39	0.95	0.95	0.85	2.4	4.05	4.05	0	33.2
CaNdAlO4	-3	0.14	0.14	0.14	0.57	9	9	6	2	2	3	3	-2	1.18	1.303	0.535	1.35	4.633	3.418	1.66	1.736	1.25	1.17	1.25	0.85	2.55	3.19	4.2	0	18.2
Mg0.95Ca0.05TiO3	-3	0.19	0.01	0.2	0.6	12	6	6	2	2	2	4	-2	1.1	2	6.61	1.35	2.324	4.633	1.764	1.736	1.09	1.25	0.91	0.85	3.45	2.55	3.8	0	20
Ba3LaTa3O12	-3	0.16	0.05	0.16	0.63	12	12	6	2	2	3	5	-2	1.61	1.36	0.64	1.35	6.299	3.741	1.801	1.736	1.44	1.34	0.95	0.85	2.32	3.17	4.05	0	36.8
MgTa1.4Nb0.6O6	-3	0.11	0.16	0.07	0.67	12	6	6	2	2	5	5	-2	1.1	0.78	10.42	1.35	2.324	1.801	1.807	1.736	1.09	0.95	0.95	0.85	3.45	4.05	4.05	0	27.3
Ba8Li2Ta6O24	-3	0.2	0.05	0.15	0.6	12	6	6	2	2	4	5	-2	1.61	0.76	0.64	1.35	6.299	2.162	1.801	1.736	1.44	1.75	0.95	0.85	2.32	2.85	4.05	0	28
SrNd2Al2O7	-4	0.08	0.17	0.17	0.58	12	6	6	2	2	3	3	-2	1.44	1.123	5.61	1.35	5.632	3.418	1.66	1.736	1.39	1.17	1.25	0.85	2.4	3.19	4.2	0	20.5
Ba(Dy0.5Nb0.5)O3	-4	0.2	0.1	0.1	0.6	12	6	6	2	2	3	5	-2	1.24	1.87	10.42	1.35	6.299	3.152	1.807	1.736	1.44	1.07	0.95	0.85	2.32	3.21	4.05	0	38.9
Er2BaZnO5	-5	0.22	0.11	0.11	0.56	9	7	5	2	3	2	2	-2	1.062	1.38	0.68	1.35	3.064	6.299	1.521	1.736	1.02	1.44	1.25	0.85	3.22	2.32	4.1	0	16.3
NaAlSi3O8	-5	0.08	0.08	0.23	0.62	7	4	4	2	1	3	4	-2	1.12	0.39	0.26	1.35	3.926	1.66	2.002	1.736	1.07	1.25	1.18	0.85	2.7	4.2	4.7	0	5.5
BiNb0.95Sb0.05O4	-5	0.17	0.16	0.01	0.67	6	6	6	2	3	5	5	-2	1.17	10.42	8.33	1.35	3.538	1.807	2.997	1.736	1.38	0.95	1.32	0.85	4.15	4.05	4.4	0	44.5
Dy(Mg0.5Ti0.5)O3	-6	0.2	0.1	0.1	0.6	12	6	6	2	3	2	4	-2	1.052	0.86	6.61	1.35	3.152	2.324	1.764	1.736	1.07	1.09	0.91	0.85	3.21	3.45	3.8	0	23
Tb(Ti0.5W0.5)O4	-6	0.17	0.08	0.08	0.67	12	6	6	2	3	4	6	-2	1.1	0.745	14.29	1.35	3.213	1.764	1.586	1.736	1.08	0.91	0.92	0.85	3.21	3.8	4.8	0	19.1
Sm2BaZnO5	-6	0.22	0.11	0.11	0.56	12	6	6	2	3	2	2	-2	1.32	1.48	2.7	1.35	3.318	6.299	1.521	1.736	1.11	1.44	1.25	0.85	3.2	2.32	4.1	0	18.5
LiYW2O8	-6	0.08	0.08	0.17	0.67	8	8	6	2	1	3	6	-2	0.92	1.019	0.6	1.35	2.162	3.318	1.586	1.736	1.75	1.22	0.92	0.85	2.85	3.2	4.8	0	14.8
Ba(Pr0.5Ta0.5)O3	-8	0.2	0.1	0.1	0.6	12	6	6	2	2	3	5	-2	1.24	1.13	7.81	1.35	6.299	3.456	1.801	1.736	1.44	1.2	0.95	0.85	2.32	3.19	4.05	0	38.5
Ba(La0.5Nb0.5)O3	-8	0.2	0.1	0.1	0.6	12	6	6	2	2	3	5	-2	1.24	1.172	10.42	1.35	6.299	3.741	1.807	1.736	1.44	1.34	0.95	0.85	2.32	3.17	4.05	0	37.4
HoTiTaO6	-8	0.11	0.11	0.11	0.67	12	6	6	2	3	4	5	-2	1.26	0.745	7.81	1.35	3.112	1.764	1.801	1.736	1.04	0.91	0.95	0.85	3.22	3.8	4.05	0	23.1
SrLa4Ti5O15	-8.4	0.04	0.16	0.2	0.6	6	6	6	2	2	2	4	-2	1.18	1.032	0.605	1.35	5.632	3.741	1.764	1.736	1.39	1.34	0.91	0.85	2.4	3.17	3.8	0	44
SrLi2Ti6O14	-9	0.04	0.09	0.26	0.61	11	8	6	2	2	1	4	-2	1.4	0.92	0.605	1.35	5.632	2.162	1.764	1.736	1.39	1.75	0.91	0.85	2.4	2.85	3.8	0	33.6
SrPr4Si3O13	-9	0.05	0.19	0.14	0.62	9	8	4	2	2	3	4	-2	0.131	1.179	0.26	1.35	5.632	3.456	2.002	1.736	1.39	1.2	1.18	0.85	2.4	3.19	4.7	0	15.6
Ba(Ho0.5Nb0.5)O3	-11	0.2	0.1	0.1	0.6	12	6	6	2	2	3	5	-2	1.24	3.33	10.42	1.35	6.299	3.112	1.807	1.736	1.44	1.04	0.95	0.85	2.32	3.22	4.05	0	38
Li8Bi2Mo7O28	-12	0.18	0.04	0.16	0.62	5	8	6	2	1	3	6	-2	0.76	1.17	0.64	1.35	2.162	3.538	1.558	1.736	1.75	1.38	0.9	0.85	2.85	4.15	4.65	0	13.6
Ba(Co0.33Nb0.67)O3	-12	0.2	0.07	0.13	0.6	12	6	6	2	2	2	5	-2	1.24	2.99	10.42	1.35	6.299	1.108	1.807	1.736	1.44	0.71	0.95	0.85	2.32	5.1	4.05	0	32
Ca(Tb0.5Nb0.5)O3	-13	0.2	0.1	0.1	0.6	12	6	6	2	2	3	5	-2	1.4	1.063	10.42	1.35	4.633	3.213	1.807	1.736	1.25	1.08	0.95	0.85	2.55	3.21	4.05	0	26.5
Ca(Y0.5Nb0.5)O3	-13	0.2	0.1	0.1	0.6	12	6	6	2	2	3	5	-2	1.4	1.04	10.42	1.35	4.633	3.318	1.807	1.736	1.25	1.22	0.95	0.85	2.55	3.2	4.05	0	31
Sm(Ti0.5W0.5)O4	-14	0.17	0.08	0.08	0.67	12	6	6	2	3	4	6	-2	1.32	0.745	14.29	1.35	3.318	1.764	1.586	1.736	1.11	0.91	0.92	0.85	3.2	3.8	4.8	0	21.5
SrLa4Ti4O15	-14	0.04	0.17	0.17	0.62	12	12	6	2	2	2	4	-2	1.58	1.5	0.605	1.35	5.632	3.741	1.764	1.736	1.39	1.34	0.91	0.85	2.4	3.17	3.8	0	43.8
Ba2CeV3O11	-14	0.12	0.06	0.18	0.65	9	6	6	2	2	2	5	-2	1.47	1.01	0.54	1.35	6.299	3.478	1.392	1.736	1.44	1.23	0.86	0.85	2.32	3.18	4.25	0	13.8
Ba3Sr2Ta4O15	-15	0.12	0.08	0.17	0.62	12	6	6	2	2	2	5	-2	1.24	1.32	7.81	1.35	6.299	5.632	1.801	1.736	1.44	1.39	0.95	0.85	2.32	2.4	4.05	0	34.3
Bi(Sb0.6Ta0.4)O4	-15	0.17	0.1	0.07	0.67	6	6	6	2	3	5	5	-2	1.17	0.8	7.81	1.35	3.538	2.997	1.801	1.736	1.38	1.32	0.95	0.85	4.15	4.4	4.05	0	27
BaLi2Ti6O14	-15	0.04	0.09	0.26	0.61	12	6	6	2	2	1	4	-2	1.24	0.9	6.61	1.35	6.299	2.162	1.764	1.736	1.44	1.75	0.91	0.85	2.32	2.85	3.8	0	31.7
Li3Bi2P3O12	-15	0.15	0.1	0.15	0.6	4.5	6	4	2	1	3	5	-2	0.76	1.03	0.38	1.35	2.162	3.538	1.899	1.736	1.75	1.38	1.09	0.85	2.85	4.15	5.55	0	15.8
Sm(Co0.5Ti0.5)O3	-16	0.2	0.1	0.1	0.6	12	6	6	2	3	2	4	-2	1.32	2.99	6.61	1.35	3.318	1.108	1.764	1.736	1.11	0.71	0.91	0.85	3.2	5.1	3.8	0	25.5
Ba(Eu0.5Ta0.5)O3	-16	0.2	0.1	0.1	0.6	12	6	6	2	2	3	5	-2	1.24	3.17	7.81	1.35	6.299	4.813	1.801	1.736	1.44	1.1	0.95	0.85	2.32	3.2	4.05	0	37
La5Mg0.5Ti3.5O15	-16	0.21	0.02	0.15	0.62	12	6	6	2	3	2	4	-2	1.5	0.86	6.61	1.35	3.741	2.324	1.764	1.736	1.34	1.09	0.91	0.85	3.17	3.45	3.8	0	34
Ba(Co0.33Ta0.67)O3	-16	0.2	0.07	0.13	0.6	12	6	6	2	2	2	5	-2	1.24	2.99	7.81	1.35	6.299	1.108	1.801	1.736	1.44	0.71	0.95	0.85	2.32	5.1	4.05	0	25
Gd(Ti0.5W0.5)O4	-16	0.17	0.08	0.08	0.67	12	6	6	2	3	4	6	-2	1.25	0.745	14.29	1.35	3.31	1.764	1.586	1.736	1.09	0.91	0.92	0.85	3.2	3.8	4.8	0	22.2
Ba4.2Sm9.2Ti18O54	-16	0.05	0.11	0.21	0.63	12	12	6	2	2	3	4	-2	1.35	0.958	0.605	1.35	6.299	3.318	1.764	1.736	1.44	1.11	0.91	0.85	2.32	3.2	3.8	0	82.1
Pb0.5Ca0.5ZrO3	-17	0.1	0.1	0.2	0.6	12	12	6	2	2	2	4	-2	1.49	1	0.72	1.35	3.034	4.633	2.328	1.736	1.43	1.25	0.98	0.85	4.1	2.55	3.45	0	74
CaCu2Nb2O8	-17	0.08	0.15	0.15	0.62	6	6	6	2	2	2	5	-2	1.37	0.57	0.48	1.35	4.633	1.181	1.807	1.736	1.25	1.12	0.95	0.85	2.55	4.45	4.05	0	11.6
Dy2BaCuO5	-17	0.22	0.11	0.11	0.56	11	7	5	2	3	2	2	-2	1.083	1.38	0.73	1.35	3.152	6.299	1.181	1.736	1.07	1.44	1.12	0.85	3.21	2.32	4.45	0	14.9
Pr(Mg0.5Ti0.5)O3	-17	0.2	0.1	0.1	0.6	12	6	6	2	3	2	4	-2	1.2	0.86	6.61	1.35	3.456	2.324	1.764	1.736	1.2	1.09	0.91	0.85	3.19	3.45	3.8	0	28
Ba4.5Sm9Ti18O54	-17	0.05	0.11	0.21	0.63	12	12	6	2	2	3	4	-2	1.35	0.958	0.605	1.35	6.299	3.318	1.764	1.736	1.44	1.11	0.91	0.85	2.32	3.2	3.8	0	83
Ca(Er0.5Nb0.5)O3	-18	0.2	0.1	0.1	0.6	12	6	6	2	2	3	5	-2	1.4	3.37	10.42	1.35	4.633	3.064	1.807	1.736	1.25	1.02	0.95	0.85	2.55	3.22	4.05	0	32
Ba(Gd0.5Ta0.5)O3	-18	0.2	0.1	0.1	0.6	12	6	6	2	2	3	5	-2	1.24	3.2	7.81	1.35	6.299	3.31	1.801	1.736	1.44	1.09	0.95	0.85	2.32	3.2	4.05	0	36
Ba(Ni0.33Nb0.67)O3	-18	0.2	0.07	0.13	0.6	12	6	6	2	2	2	5	-2	1.24	0.83	10.42	1.35	6.299	1.093	1.807	1.736	1.44	1.13	0.95	0.85	2.32	5.2	4.05	0	31
Gd2BaZnO5	-18	0.22	0.11	0.11	0.56	9	7	5	2	3	2	2	-2	1.107	1.38	0.68	1.35	3.31	6.299	1.521	1.736	1.09	1.44	1.25	0.85	3.2	2.32	4.1	0	17.2
SrY4Si3O13	-18	0.05	0.19	0.14	0.62	9	8	4	2	2	3	4	-2	0.131	1.019	0.26	1.35	5.632	3.318	2.002	1.736	1.39	1.22	1.18	0.85	2.4	3.2	4.7	0	12.6
Ba(Ni0.33Ta0.67)O3	-18	0.2	0.07	0.13	0.6	12	6	6	2	2	2	5	-2	1.24	0.83	7.81	1.35	6.299	1.093	1.801	1.736	1.44	1.13	0.95	0.85	2.32	5.2	4.05	0	23
LaSrAlO4	-19	0.14	0.14	0.14	0.57	9	9	6	2	3	2	3	-2	1.216	1.31	0.535	1.35	3.741	5.632	1.66	1.736	1.34	1.39	1.25	0.85	3.17	2.4	4.2	0	15.3
Y(Ti0.5W0.5)O4	-19	0.17	0.08	0.08	0.67	12	6	6	2	3	4	6	-2	1.075	0.745	14.29	1.35	3.318	1.764	1.586	1.736	1.22	0.91	0.92	0.85	3.2	3.8	4.8	0	19.3
Sm(Zn0.5Ti0.5)O3	-19	0.2	0.1	0.1	0.6	12	6	6	2	3	2	4	-2	1.32	0.88	6.61	1.35	3.318	1.521	1.764	1.736	1.11	1.25	0.91	0.85	3.2	4.1	3.8	0	31
Pr(Ti0.5W0.5)O4	-20	0.17	0.08	0.08	0.67	12	6	6	2	3	4	6	-2	1.2	0.745	14.29	1.35	3.456	1.764	1.586	1.736	1.2	0.91	0.92	0.85	3.19	3.8	4.8	0	20.3
YTiTaO6	-20	0.11	0.11	0.11	0.67	12	6	6	2	3	4	5	-2	1.075	0.745	7.81	1.35	3.318	1.764	1.801	1.736	1.22	0.91	0.95	0.85	3.2	3.8	4.05	0	22.1
SrGd4Si3O13	-20	0.05	0.19	0.14	0.62	9	8	4	2	2	3	4	-2	0.131	1.053	0.26	1.35	5.632	3.31	2.002	1.736	1.39	1.09	1.18	0.85	2.4	3.2	4.7	0	12.6
Gd2BaCuO5	-20	0.22	0.11	0.11	0.56	9	7	5	2	3	2	2	-2	1.107	1.38	0.73	1.35	3.31	6.299	1.181	1.736	1.09	1.44	1.12	0.85	3.2	2.32	4.45	0	16
SrTm4Si3O13	-20	0.05	0.19	0.14	0.62	9	8	4	2	2	3	4	-2	0.131	0.994	0.26	1.35	5.632	3.01	2.002	1.736	1.39	1.01	1.18	0.85	2.4	3.22	4.7	0	11.2
Ba3.9Sm9.4Ti18O54	-20	0.05	0.11	0.21	0.63	12	12	6	2	2	3	4	-2	1.35	0.958	0.605	1.35	6.299	3.318	1.764	1.736	1.44	1.11	0.91	0.85	2.32	3.2	3.8	0	79.4
Ca(Eu0.5Ta0.5)O3	-22	0.2	0.1	0.1	0.6	12	6	6	2	2	3	5	-2	1.4	3.17	7.81	1.35	4.633	4.813	1.801	1.736	1.25	1.1	0.95	0.85	2.55	3.2	4.05	0	26.8
CoLi0.67Ti1.33O4	-22	0.14	0.1	0.19	0.57	6	6	6	2	2	1	4	-2	0.885	0.9	6.61	1.35	1.108	2.162	1.764	1.736	0.71	1.75	0.91	0.85	5.1	2.85	3.8	0	21.4
Ca(Ca0.33Nb0.67)O3	-22	0.2	0.07	0.13	0.6	12	6	6	2	2	2	5	-2	1.4	2	10.42	1.35	4.633	4.633	1.807	1.736	1.25	1.25	0.95	0.85	2.55	2.55	4.05	0	28
Nd(Ti0.5W0.5)O4	-22	0.17	0.08	0.08	0.67	12	6	6	2	3	4	6	-2	1.29	0.745	14.29	1.35	3.418	1.764	1.586	1.736	1.17	0.91	0.92	0.85	3.19	3.8	4.8	0	21.3
SrSmAlO4	-22	0.14	0.14	0.14	0.57	9	9	6	2	2	3	3	-2	1.31	1.132	0.535	1.35	5.632	3.318	1.66	1.736	1.39	1.11	1.25	0.85	2.4	3.2	4.2	0	15.5
Eu2BaZnO5	-22	0.22	0.11	0.11	0.56	9	7	5	2	3	2	2	-2	1.13	1.38	0.68	1.35	4.813	6.299	1.521	1.736	1.1	1.44	1.25	0.85	3.2	2.32	4.1	0	18.1
Dy2BaZnO5	-23	0.22	0.11	0.11	0.56	9	7	5	2	3	2	2	-2	1.083	1.38	0.68	1.35	3.152	6.299	1.521	1.736	1.07	1.44	1.25	0.85	3.21	2.32	4.1	0	17.1
Ca(Sm0.5Ta0.5)O3	-24	0.2	0.1	0.1	0.6	12	6	6	2	2	3	5	-2	1.4	1.098	7.81	1.35	4.633	3.318	1.801	1.736	1.25	1.11	0.95	0.85	2.55	3.2	4.05	0	19.6
SrEu4Si3O13	-24	0.05	0.19	0.14	0.62	9	8	4	2	2	3	4	-2	0.131	1.066	0.26	1.35	5.632	4.813	2.002	1.736	1.39	1.1	1.18	0.85	2.4	3.2	4.7	0	14.8
SrEr4Si3O13	-24	0.05	0.19	0.14	0.62	9	8	4	2	2	3	4	-2	0.131	1.004	0.26	1.35	5.632	3.064	2.002	1.736	1.39	1.02	1.18	0.85	2.4	3.22	4.7	0	10.4
Ba2Sr3Ta4O15	-25	0.08	0.12	0.17	0.62	12	12	6	2	2	2	5	-2	1.61	1.44	0.64	1.35	6.299	5.632	1.801	1.736	1.44	1.39	0.95	0.85	2.32	2.4	4.05	0	35.2
CaLa4Ti5O15	-25	0.04	0.16	0.2	0.6	12	12	6	2	2	3	4	-2	1.34	1.032	0.605	1.35	4.633	3.741	1.764	1.736	1.25	1.34	0.91	0.85	2.55	3.17	3.8	0	41.1
SrYb4Si3O13	-25	0.05	0.19	0.14	0.62	9	8	4	2	2	3	4	-2	0.131	0.985	0.26	1.35	5.632	4.128	2.002	1.736	1.39	1	1.18	0.85	2.4	3.22	4.7	0	13.1
Li2MgSiO4	-25	0.25	0.12	0.12	0.5	4	4	4	2	1	2	4	-2	0.59	0.57	0.4	1.35	2.162	2.324	2.002	1.736	1.75	1.09	1.18	0.85	2.85	3.45	4.7	0	5.1
Nd2BaCuO5	-25	0.22	0.11	0.11	0.56	10	8	4	2	3	2	2	-2	1.163	1.42	0.73	1.35	3.418	6.299	1.181	1.736	1.17	1.44	1.12	0.85	3.19	2.32	4.45	0	17.6
SrLaAlO4	-25	0.14	0.14	0.14	0.57	9	9	6	2	2	3	3	-2	1.31	1.216	0.535	1.35	5.632	3.741	1.66	1.736	1.39	1.34	1.25	0.85	2.4	3.17	4.2	0	16.7
Ca(Gd0.5Nb0.5)O3	-26	0.2	0.1	0.1	0.6	12	6	6	2	2	3	5	-2	1.4	3.2	10.42	1.35	4.633	3.31	1.807	1.736	1.25	1.09	0.95	0.85	2.55	3.2	4.05	0	25.5
LiMgPO4	-26	0.14	0.14	0.14	0.57	6	6	4	2	1	2	5	-2	0.76	0.72	0.38	1.35	2.162	2.324	1.899	1.736	1.75	1.09	1.09	0.85	2.85	3.45	5.55	0	6.6
Sm(Mg0.5Ti0.5)O3	-26	0.2	0.1	0.1	0.6	12	6	6	2	3	2	4	-2	1.32	0.86	6.61	1.35	3.318	2.324	1.764	1.736	1.11	1.09	0.91	0.85	3.2	3.45	3.8	0	25
Tm2BaCuO5	-26	0.22	0.11	0.11	0.56	11	7	5	2	3	2	2	-2	1.052	1.38	0.73	1.35	3.01	6.299	1.181	1.736	1.01	1.44	1.12	0.85	3.22	2.32	4.45	0	12.8
Sr(Al0.5Nb0.5)O3	-27	0.2	0.1	0.1	0.6	12	6	6	2	2	3	5	-2	1.44	5.61	10.42	1.35	5.632	1.66	1.807	1.736	1.39	1.25	0.95	0.85	2.4	4.2	4.05	0	30.5
Sr3ZnNb2O9	-27	0.2	0.07	0.13	0.6	12	6	6	2	2	2	5	-2	1.44	0.88	10.42	1.35	5.632	1.521	1.807	1.736	1.39	1.25	0.95	0.85	2.4	4.1	4.05	0	20.7
Li2MgTiO4	-27	0.25	0.12	0.12	0.5	4	4	4	2	1	2	4	-2	0.59	0.57	0.42	1.35	2.162	2.324	1.764	1.736	1.75	1.09	0.91	0.85	2.85	3.45	3.8	0	17.3
Ho2BaZnO5	-27	0.22	0.11	0.11	0.56	9	7	5	2	3	2	2	-2	1.072	1.38	0.68	1.35	3.112	6.299	1.521	1.736	1.04	1.44	1.25	0.85	3.22	2.32	4.1	0	17.2
SrNdAlO4	-27	0.14	0.14	0.14	0.57	9	9	6	2	2	3	3	-2	1.31	1.303	0.535	1.35	5.632	3.418	1.66	1.736	1.39	1.17	1.25	0.85	2.4	3.19	4.2	0	15.9
MgLi0.67Ti1.33O4	-27	0.14	0.1	0.19	0.57	12	6	6	2	2	1	4	-2	1.1	0.9	6.61	1.35	2.324	2.162	1.764	1.736	1.09	1.75	0.91	0.85	3.45	2.85	3.8	0	20.2
Ca(Sm0.5Nb0.5)O3	-28	0.2	0.1	0.1	0.6	12	6	6	2	2	3	5	-2	1.4	1.098	10.42	1.35	4.633	3.318	1.807	1.736	1.25	1.11	0.95	0.85	2.55	3.2	4.05	0	20.9
SrSm4Si3O13	-28	0.05	0.19	0.14	0.62	9	8	4	2	2	3	4	-2	0.131	1.079	0.26	1.35	5.632	3.318	2.002	1.736	1.39	1.11	1.18	0.85	2.4	3.2	4.7	0	13.5
Tm2BaZnO5	-28	0.22	0.11	0.11	0.56	9	7	5	2	3	2	2	-2	1.052	1.38	0.68	1.35	3.01	6.299	1.521	1.736	1.01	1.44	1.25	0.85	3.22	2.32	4.1	0	16.1
Zn0.5Mg0.5Nb2O6	-29	0.06	0.06	0.22	0.67	12	6	6	2	2	2	5	-2	0.9	0.86	10.42	1.35	1.521	2.324	1.807	1.736	1.25	1.09	0.95	0.85	4.1	3.45	4.05	0	22
Y2BaZnO5	-29	0.22	0.11	0.11	0.56	9	7	5	2	3	2	2	-2	1.075	1.38	0.68	1.35	3.318	6.299	1.521	1.736	1.22	1.44	1.25	0.85	3.2	2.32	4.1	0	15.4
Sr(La0.5Ta0.5)O3	-29	0.2	0.1	0.1	0.6	12	6	6	2	2	3	5	-2	1.44	1.172	7.81	1.35	5.632	3.741	1.801	1.736	1.39	1.34	0.95	0.85	2.4	3.17	4.05	0	27.1
Bi2Te2W3O16	-29	0.09	0.09	0.13	0.7	9	6	6.5	2	3	4	6	-2	1.34	0.97	0.6	1.35	3.538	3.394	1.586	1.736	1.38	1.24	0.92	0.85	4.15	0	4.8	0	26.3
Ca(Eu0.5Nb0.5)O3	-30	0.2	0.1	0.1	0.6	12	6	6	2	2	3	5	-2	1.4	3.17	10.42	1.35	4.633	4.813	1.807	1.736	1.25	1.1	0.95	0.85	2.55	3.2	4.05	0	25
Ca(Yb0.5Nb0.5)O3	-30	0.2	0.1	0.1	0.6	12	6	6	2	2	3	5	-2	1.4	1.008	10.42	1.35	4.633	4.128	1.807	1.736	1.25	1	0.95	0.85	2.55	3.22	4.05	0	27
BiNb0.6Sb0.4O4	-31	0.17	0.1	0.07	0.67	6	6	6	2	3	5	5	-2	1.17	10.42	8.33	1.35	3.538	1.807	2.997	1.736	1.38	0.95	1.32	0.85	4.15	4.05	4.4	0	40.7
Ca(Pr0.5Ta0.5)O3	-31	0.2	0.1	0.1	0.6	12	6	6	2	2	3	5	-2	1.4	1.13	7.81	1.35	4.633	3.456	1.801	1.736	1.25	1.2	0.95	0.85	2.55	3.19	4.05	0	24
Sm2BaCuO5	-32	0.22	0.11	0.11	0.56	11	7	5	2	3	2	2	-2	1.24	1.38	0.73	1.35	3.318	6.299	1.181	1.736	1.11	1.44	1.12	0.85	3.2	2.32	4.45	0	16.5
Ba2ZnSi2O7	-32	0.17	0.08	0.17	0.58	8	4	4	2	2	2	4	-2	1.42	0.74	0.4	1.35	6.299	1.521	2.002	1.736	1.44	1.25	1.18	0.85	2.32	4.1	4.7	0	7.5
Ca5Ta2HfO12	-32	0.25	0.1	0.05	0.6	8	8	6	2	2	5	4	-2	1.12	1.04	0.71	1.35	4.633	1.801	2.241	1.736	1.25	0.95	0.97	0.85	2.55	4.05	3.6	0	17
BaCu(B2O5)	-32	0.11	0.11	0.22	0.56	11	6	3	2	2	2	3	-2	1.57	0.73	0.01	1.35	6.299	1.181	0.789	1.736	1.44	1.12	1.16	0.85	2.32	4.45	5.3	0	7.3
Sr(Nd0.5Nb0.5)O3	-32	0.2	0.1	0.1	0.6	12	6	6	2	2	3	5	-2	1.44	1.123	10.42	1.35	5.632	3.418	1.807	1.736	1.39	1.17	0.95	0.85	2.4	3.19	4.05	0	29.7
BaAl2Ge2O8	-32	0.08	0.15	0.15	0.62	9	4	4	2	2	3	4	-2	1.61	0.39	0.73	1.35	6.299	1.66	2.264	1.736	1.44	1.25	1.22	0.85	2.32	4.2	4.55	0	7.5
Ca(In0.5Nb0.5)O3	-33	0.2	0.1	0.1	0.6	12	6	6	2	2	3	5	-2	1.4	3.75	10.42	1.35	4.633	2.617	1.807	1.736	1.25	1.49	0.95	0.85	2.55	3.9	4.05	0	29.6
Ca(Nd0.5Nb0.5)O3	-33	0.2	0.1	0.1	0.6	12	6	6	2	2	3	5	-2	1.4	1.123	10.42	1.35	4.633	3.418	1.807	1.736	1.25	1.17	0.95	0.85	2.55	3.19	4.05	0	20
Sr(La0.5Nb0.5)O3	-33	0.2	0.1	0.1	0.6	12	6	6	2	2	3	5	-2	1.44	1.172	10.42	1.35	5.632	3.741	1.807	1.736	1.39	1.34	0.95	0.85	2.4	3.17	4.05	0	27.5
Sr2MgSi2O7	-34	0.17	0.08	0.17	0.58	8	4	4	2	2	2	4	-2	1.26	0.57	0.4	1.35	5.632	2.324	2.002	1.736	1.39	1.09	1.18	0.85	2.4	3.45	4.7	0	8.3
LiMgVO4	-34	0.14	0.14	0.14	0.57	4	6	4	2	1	2	5	-2	0.59	0.72	0.355	1.35	2.162	2.324	1.392	1.736	1.75	1.09	0.86	0.85	2.85	3.45	4.25	0	9.5
Sr(Pr0.5Nb0.5)O3	-34	0.2	0.1	0.1	0.6	12	6	6	2	2	3	5	-2	1.44	1.13	10.42	1.35	5.632	3.456	1.807	1.736	1.39	1.2	0.95	0.85	2.4	3.19	4.05	0	38
(Mg0.95Zn0.05)2TiO4	-34	0.27	0.01	0.14	0.57	6	6	6	2	2	2	4	-2	0.72	0.74	0.605	1.35	2.324	1.521	1.764	1.736	1.09	1.25	0.91	0.85	3.45	4.1	3.8	0	15.5
SrLaGaO4	-34	0.14	0.14	0.14	0.57	12	6	6	2	2	3	3	-2	1.44	1.172	4.84	1.35	5.632	3.741	1.947	1.736	1.39	1.34	1.38	0.85	2.4	3.17	4.1	0	20.3
La5CrTi3O15	-34	0.21	0.04	0.12	0.62	12	6	6	2	3	3	4	-2	1.36	0.615	0.605	1.35	3.741	1.2	1.764	1.736	1.34	0.84	0.91	0.85	3.17	4.65	3.8	0	33.2
BaGa2Ge2O8	-34	0.08	0.15	0.15	0.62	9	4	4	2	2	3	4	-2	1.61	0.47	0.73	1.35	6.299	1.947	2.264	1.736	1.44	1.38	1.22	0.85	2.32	4.1	4.55	0	6.9
Ca(In0.5Ta0.5)O3	-35	0.2	0.1	0.1	0.6	12	6	6	2	2	3	5	-2	1.4	3.75	7.81	1.35	4.633	2.617	1.801	1.736	1.25	1.49	0.95	0.85	2.55	3.9	4.05	0	24
Ba(Zn0.5W0.5)O3	-35	0.2	0.1	0.1	0.6	12	6	6	2	2	2	6	-2	1.24	0.88	14.29	1.35	6.299	1.521	1.586	1.736	1.44	1.25	0.92	0.85	2.32	4.1	4.8	0	20
Yb2BaNiO5	-35	0.22	0.11	0.11	0.56	10	7	6	2	3	2	2	-2	1.042	1.38	0.83	1.35	4.128	6.299	1.093	1.736	1	1.44	1.13	0.85	3.22	2.32	5.2	0	9.1
MgCo3Nb2O9	-36	0.07	0.2	0.13	0.6	6	6	6	2	2	2	5	-2	0.72	0.65	0.64	1.35	2.324	1.108	1.807	1.736	1.09	0.71	0.95	0.85	3.45	5.1	4.05	0	15.2
La6ZnTi4O18	-37	0.21	0.03	0.14	0.62	12	6	6	2	2	2	4	-2	1.36	0.74	0.605	1.35	3.741	1.521	1.764	1.736	1.34	1.25	0.91	0.85	3.17	4.1	3.8	0	37.7
CoCu2Nb2O8	-37	0.08	0.15	0.15	0.62	6	6	6	2	2	2	5	-2	0.65	0.57	0.48	1.35	1.108	1.181	1.807	1.736	0.71	1.12	0.95	0.85	5.1	4.45	4.05	0	16.6
CaSnSiO5	-37	0.12	0.12	0.12	0.62	7	4	6	2	2	4	4	-2	1.06	0.55	0.4	1.35	4.633	2.705	2.002	1.736	1.25	1.41	1.18	0.85	2.55	4.15	4.7	0	9.1
Zn2(Sn0.95Ti0.05)O4	-38	0.29	0.14	0.01	0.57	6	6	6	2	2	4	4	-2	0.74	0.69	0.605	1.35	1.521	2.705	1.764	1.736	1.25	1.41	0.91	0.85	4.1	4.15	3.8	0	9.9
Yb2BaZnO5	-38	0.22	0.11	0.11	0.56	9	7	5	2	3	2	2	-2	1.042	1.38	0.68	1.35	4.128	6.299	1.521	1.736	1	1.44	1.25	0.85	3.22	2.32	4.1	0	9.1
Ca(Yb0.5Ta0.5)O3	-38	0.2	0.1	0.1	0.6	12	6	6	2	2	3	5	-2	1.4	1.008	7.81	1.35	4.633	4.128	1.801	1.736	1.25	1	0.95	0.85	2.55	3.22	4.05	0	21.2
La5Zn0.5Ti3.5O15	-39	0.21	0.02	0.15	0.62	12	6	6	2	2	2	4	-2	1.36	0.74	0.605	1.35	3.741	1.521	1.764	1.736	1.34	1.25	0.91	0.85	3.17	4.1	3.8	0	36.5
La6MgTi4O18	-39	0.21	0.03	0.14	0.62	12	6	6	2	2	2	4	-2	1.36	0.72	0.605	1.35	3.741	2.324	1.764	1.736	1.34	1.09	0.91	0.85	3.17	3.45	3.8	0	36.3
Sr(Zn0.33Nb0.67)O3	-39	0.2	0.07	0.13	0.6	12	6	6	2	2	2	5	-2	1.44	0.88	10.42	1.35	5.632	1.521	1.807	1.736	1.39	1.25	0.95	0.85	2.4	4.1	4.05	0	40
Mg0.95Co0.05Ti2O5	-39	0.12	0.01	0.25	0.62	12	6	6	2	2	2	4	-2	1.1	2.99	6.61	1.35	2.324	1.108	1.764	1.736	1.09	0.71	0.91	0.85	3.45	5.1	3.8	0	18.6
LaTiTaO6	-39	0.11	0.11	0.11	0.67	12	6	6	2	3	4	5	-2	1.5	0.745	7.81	1.35	3.741	1.764	1.801	1.736	1.34	0.91	0.95	0.85	3.17	3.8	4.05	0	24.4
La5AlTi3O15	-39	0.21	0.04	0.12	0.62	12	6	6	2	3	3	4	-2	1.36	0.535	0.605	1.35	3.741	1.66	1.764	1.736	1.34	1.25	0.91	0.85	3.17	4.2	3.8	0	28.1
Ca(Pr0.5Nb0.5)O3	-39	0.2	0.1	0.1	0.6	12	6	6	2	2	3	5	-2	1.4	1.13	10.42	1.35	4.633	3.456	1.807	1.736	1.25	1.2	0.95	0.85	2.55	3.19	4.05	0	24.2
Ba0.95(Zn0.5W0.5)O2.95	-40	0.19	0.1	0.1	0.6	12	6	6	2	2	2	6	-2	1.24	0.88	14.29	1.35	6.299	1.521	1.586	1.736	1.44	1.25	0.92	0.85	2.32	4.1	4.8	0	21
Ho2BaCuO5	-41	0.22	0.11	0.11	0.56	9	7	5	2	3	2	2	-2	1.072	1.38	0.73	1.35	3.112	6.299	1.181	1.736	1.04	1.44	1.12	0.85	3.22	2.32	4.45	0	15.3
Mg0.95Zn0.05Ti2O5	-41	0.12	0.01	0.25	0.62	12	6	6	2	2	2	4	-2	1.1	0.88	6.61	1.35	2.324	1.521	1.764	1.736	1.09	1.25	0.91	0.85	3.45	4.1	3.8	0	18.5
Ca(La0.5Ta0.5)O3	-41	0.2	0.1	0.1	0.6	12	6	6	2	2	3	5	-2	1.4	1.172	7.81	1.35	4.633	3.741	1.801	1.736	1.25	1.34	0.95	0.85	2.55	3.17	4.05	0	19.5
YbTiTaO6	-41	0.11	0.11	0.11	0.67	12	6	6	2	3	4	5	-2	1.042	0.745	7.81	1.35	4.128	1.764	1.801	1.736	1	0.91	0.95	0.85	3.22	3.8	4.05	0	19.3
Nd(Zn0.5Ti0.5)O3	-42	0.2	0.1	0.1	0.6	12	6	6	2	3	2	4	-2	1.29	0.88	6.61	1.35	3.418	1.521	1.764	1.736	1.17	1.25	0.91	0.85	3.19	4.1	3.8	0	31.6
DyTiNbO6	-42	0.11	0.11	0.11	0.67	6	6	6	2	3	4	5	-2	1.07	0.605	0.64	1.35	3.152	1.764	1.807	1.736	1.07	0.91	0.95	0.85	3.21	3.8	4.05	0	22
Ca(Zn0.33Nb0.67)O3	-43	0.2	0.07	0.13	0.6	12	6	6	2	2	2	5	-2	1.4	0.88	10.42	1.35	4.633	1.521	1.807	1.736	1.25	1.25	0.95	0.85	2.55	4.1	4.05	0	35
(Nd0.99Mn0.015)1.02Nb0.988O4	-43	0.17	0	0.16	0.66	12	6	6	2	3	3	5	-2	1.29	0.72	10.42	1.35	3.418	1.22	1.807	1.736	1.17	0.79	0.95	0.85	3.19	4.45	4.05	0	19.1
Ca0.99Mg0.01SiO3	-43	0.2	0	0.2	0.6	12	6	6	2	2	2	4	-2	1.34	0.72	0.4	1.35	4.633	2.324	2.002	1.736	1.25	1.09	1.18	0.85	2.55	3.45	4.7	0	6.5
Ca(Sn0.1Si0.9)O3	-43	0.2	0.02	0.18	0.6	12	6	6	2	2	4	4	-2	1.34	0.69	0.4	1.35	4.633	2.705	2.002	1.736	1.25	1.41	1.18	0.85	2.55	4.15	4.7	0	7.9
Sr(Eu0.5Ta0.5)O3	-43	0.2	0.1	0.1	0.6	12	6	6	2	2	3	5	-2	1.44	3.17	7.81	1.35	5.632	4.813	1.801	1.736	1.39	1.1	0.95	0.85	2.4	3.2	4.05	0	30
Na0.5Ce0.5MoO4	-44	0.08	0.08	0.17	0.67	8	8	4	2	1	3	6	-2	1.18	1.143	0.59	1.35	3.926	3.478	1.558	1.736	1.07	1.23	0.9	0.85	2.7	3.18	4.65	0	11.2
Li2Mg2(WO4)3	-44	0.11	0.11	0.16	0.63	6	6	6	2	1	2	6	-2	0.76	0.72	0.6	1.35	2.162	2.324	1.586	1.736	1.75	1.09	0.92	0.85	2.85	3.45	4.8	0	7.7
Ca0.8Sr0.2SnO3	-44	0.16	0.04	0.2	0.6	12	12	6	2	2	2	4	-2	1.34	1.18	0.69	1.35	4.633	5.632	2.705	1.736	1.25	1.39	1.41	0.85	2.55	2.4	4.15	0	8.5
Ba4.8Sm8.8Ti18O54	-44	0.06	0.1	0.21	0.63	12	12	6	2	2	3	4	-2	1.35	0.958	0.605	1.35	6.299	3.318	1.764	1.736	1.44	1.11	0.91	0.85	2.32	3.2	3.8	0	83.3
Sr(Sm0.5Nb0.5)O3	-45	0.2	0.1	0.1	0.6	12	6	6	2	2	3	5	-2	1.44	1.098	10.42	1.35	5.632	3.318	1.807	1.736	1.39	1.11	0.95	0.85	2.4	3.2	4.05	0	31.8
YTiNbO6	-45	0.11	0.11	0.11	0.67	12	6	6	2	3	4	5	-2	1.075	0.745	10.42	1.35	3.318	1.764	1.807	1.736	1.22	0.91	0.95	0.85	3.2	3.8	4.05	0	19
TbTiNbO6	-45	0.11	0.11	0.11	0.67	6	6	6	2	3	4	5	-2	0.923	0.605	0.64	1.35	3.213	1.764	1.807	1.736	1.08	0.91	0.95	0.85	3.21	3.8	4.05	0	21
Sr(Zn0.5W0.5)O3	-45	0.2	0.1	0.1	0.6	12	6	6	2	2	2	6	-2	1.44	0.88	14.29	1.35	5.632	1.521	1.586	1.736	1.39	1.25	0.92	0.85	2.4	4.1	4.8	0	27.5
Mg2(Ti0.95Sn0.05)O4	-45	0.29	0.14	0.01	0.57	6	6	6	2	2	4	4	-2	0.72	0.605	0.69	1.35	2.324	1.764	2.705	1.736	1.09	0.91	1.41	0.85	3.45	3.8	4.15	0	15.6
Y(Mg0.5Ti0.5)O3	-46	0.2	0.1	0.1	0.6	12	6	6	2	3	2	4	-2	1.075	0.86	6.61	1.35	3.318	2.324	1.764	1.736	1.22	1.09	0.91	0.85	3.2	3.45	3.8	0	22
La6Mg0.913Ti4.04O18	-46	0.21	0.03	0.14	0.62	12	6	6	2	3	2	4	-2	1.36	0.72	0.605	1.35	3.741	2.324	1.764	1.736	1.34	1.09	0.91	0.85	3.17	3.45	3.8	0	32
Nd(Co0.5Ti0.5)O3	-46	0.2	0.1	0.1	0.6	12	6	6	2	3	2	4	-2	1.29	2.99	6.61	1.35	3.418	1.108	1.764	1.736	1.17	0.71	0.91	0.85	3.19	5.1	3.8	0	27
MgCu2Nb2O8	-46	0.08	0.15	0.15	0.62	6	6	6	2	2	2	5	-2	0.72	0.57	0.48	1.35	2.324	1.181	1.807	1.736	1.09	1.12	0.95	0.85	3.45	4.45	4.05	0	15.9
Ba2BiV3O11	-46	0.12	0.06	0.18	0.65	11.5	5	8	2	2	3	5	-2	1.61	0.96	0.54	1.35	6.299	3.538	1.392	1.736	1.44	1.38	0.86	0.85	2.32	4.15	4.25	0	14.2
Mg2Al4Si5O18	-47	0.07	0.14	0.17	0.62	6	4	4	2	2	3	4	-2	0.72	0.39	0.4	1.35	2.324	1.66	2.002	1.736	1.09	1.25	1.18	0.85	3.45	4.2	4.7	0	6.2
(Mg0.9Co0.1)2TiO4	-47	0.26	0.03	0.14	0.57	6	6	6	2	2	2	4	-2	0.72	0.65	0.605	1.35	2.324	1.108	1.764	1.736	1.09	0.71	0.91	0.85	3.45	5.1	3.8	0	15.6
Mg0.95Ni0.05Ti2O5	-48	0.12	0.01	0.25	0.62	12	6	6	2	2	2	4	-2	1.1	0.83	6.61	1.35	2.324	1.093	1.764	1.736	1.09	1.13	0.91	0.85	3.45	5.2	3.8	0	18.8
LiInSiO4	-48	0.14	0.14	0.14	0.57	6	6	4	2	1	3	4	-2	0.76	0.8	0.4	1.35	2.162	2.617	2.002	1.736	1.75	1.49	1.18	0.85	2.85	3.9	4.7	0	8.2
Ca(Mg0.33Nb0.67)O3	-48	0.2	0.07	0.13	0.6	12	6	6	2	2	2	5	-2	1.4	0.86	10.42	1.35	4.633	2.324	1.807	1.736	1.25	1.09	0.95	0.85	2.55	3.45	4.05	0	28
Na0.5Nd0.5MoO4	-49	0.08	0.08	0.17	0.67	8	8	4	2	1	3	6	-2	1.18	1.109	0.59	1.35	3.926	3.418	1.558	1.736	1.07	1.17	0.9	0.85	2.7	3.19	4.65	0	10.5
Nd(Mg0.5Ti0.5)O3	-49	0.2	0.1	0.1	0.6	12	6	6	2	3	2	4	-2	1.29	0.86	6.61	1.35	3.418	2.324	1.764	1.736	1.17	1.09	0.91	0.85	3.19	3.45	3.8	0	23
Mg3Dy4Al44O75	-49	0.02	0.03	0.35	0.6	6	6	6	2	2	3	3	-2	0.72	1.052	0.535	1.35	2.324	3.152	1.66	1.736	1.09	1.07	1.25	0.85	3.45	3.21	4.2	0	10.3
Ca5Mg4(VO4)6	-50	0.13	0.1	0.15	0.62	10	4	4	2	2	2	5	-2	1.37	0.72	0.355	1.35	4.633	2.324	1.392	1.736	1.25	1.09	0.86	0.85	2.55	3.45	4.25	0	9.2
Sr2SmSbO6	-50	0.2	0.1	0.1	0.6	12	6	6	2	2	3	5	-2	1.44	1.098	8.33	1.35	5.632	3.318	2.997	1.736	1.39	1.11	1.32	0.85	2.4	3.2	4.4	0	16
Sr(Ni0.5W0.5)O3	-50	0.2	0.1	0.1	0.6	12	6	6	2	2	2	6	-2	1.44	0.83	14.29	1.35	5.632	1.093	1.586	1.736	1.39	1.13	0.92	0.85	2.4	5.2	4.8	0	18.3
Sr(Mg0.33Ta0.67)O3	-50	0.2	0.07	0.13	0.6	12	6	6	2	2	2	5	-2	1.44	0.86	7.81	1.35	5.632	2.324	1.801	1.736	1.39	1.09	0.95	0.85	2.4	3.45	4.05	0	22
Ca(La0.5Nb0.5)O3	-51	0.2	0.1	0.1	0.6	12	6	6	2	2	3	5	-2	1.4	1.172	10.42	1.35	4.633	3.741	1.807	1.736	1.25	1.34	0.95	0.85	2.55	3.17	4.05	0	20.6
Mg2Co2Nb2O9	-51	0.13	0.13	0.13	0.6	6	6	6	2	2	2	5	-2	0.72	0.65	0.64	1.35	2.324	1.108	1.807	1.736	1.09	0.71	0.95	0.85	3.45	5.1	4.05	0	13.2
Zn2(Sn0.99Zr0.01)O4	-51	0.29	0.14	0	0.57	6	6	6	2	2	4	4	-2	0.74	0.69	0.72	1.35	1.521	2.705	2.328	1.736	1.25	1.41	0.98	0.85	4.1	4.15	3.45	0	9.6
SrLa2Al2O7	-52	0.08	0.17	0.17	0.58	12	9	6	2	2	3	3	-2	1.44	1.216	0.535	1.35	5.632	3.741	1.66	1.736	1.39	1.34	1.25	0.85	2.4	3.17	4.2	0	18.2
Ca2Al2SiO7	-52	0.17	0.17	0.08	0.58	8	4	4	2	2	3	4	-2	1.12	0.39	0.4	1.35	4.633	1.66	2.002	1.736	1.25	1.25	1.18	0.85	2.55	4.2	4.7	0	8.4
Sr(Eu0.5Nb0.5)O3	-52	0.2	0.1	0.1	0.6	12	6	6	2	2	3	5	-2	1.44	3.17	10.42	1.35	5.632	4.813	1.807	1.736	1.39	1.1	0.95	0.85	2.4	3.2	4.05	0	35
Ca(Sn0.4Si0.6)O3	-52	0.2	0.08	0.12	0.6	12	6	6	2	2	4	4	-2	1.34	0.69	0.4	1.35	4.633	2.705	2.002	1.736	1.25	1.41	1.18	0.85	2.55	4.15	4.7	0	9.3
(Mg0.96Mn0.04)2TiO4	-52	0.27	0.01	0.14	0.57	6	6	6	2	2	2	4	-2	0.72	0.67	0.605	1.35	2.324	1.22	1.764	1.736	1.09	0.79	0.91	0.85	3.45	4.45	3.8	0	15.6
(Mg0.95Co0.05)2TiO4	-52	0.27	0.01	0.14	0.57	6	6	6	2	2	2	4	-2	0.72	0.65	0.605	1.35	2.324	1.108	1.764	1.736	1.09	0.71	0.91	0.85	3.45	5.1	3.8	0	15.7
ZnZrNb2O8	-53	0.08	0.08	0.17	0.67	12	6	6	2	2	4	5	-2	0.9	0.86	10.42	1.35	1.521	2.328	1.807	1.736	1.25	0.98	0.95	0.85	4.1	3.45	4.05	0	29.5
Mg0.75Ni0.25Al2O4	-53	0.11	0.04	0.29	0.57	6	6	6	2	2	2	3	-2	0.72	0.69	0.535	1.35	2.324	1.093	1.66	1.736	1.09	1.13	1.25	0.85	3.45	5.2	4.2	0	8.3
Mg(Ti0.95Sn0.05)O3	-53	0.2	0.19	0.01	0.6	6	6	6	2	2	4	4	-2	0.72	0.605	0.69	1.35	2.324	1.764	2.705	1.736	1.09	0.91	1.41	0.85	3.45	3.8	4.15	0	16.7
(Mg0.95Mn0.05)2TiO4	-53	0.27	0.01	0.14	0.57	6	6	6	2	2	2	4	-2	0.72	0.67	0.605	1.35	2.324	1.22	1.764	1.736	1.09	0.79	0.91	0.85	3.45	4.45	3.8	0	15.7
Sr(Zn0.33Ta0.67)O3	-54	0.2	0.07	0.13	0.6	12	6	6	2	2	2	5	-2	1.44	0.88	7.81	1.35	5.632	1.521	1.801	1.736	1.39	1.25	0.95	0.85	2.4	4.1	4.05	0	28
(Mg0.5Co0.5)Al2O4	-54	0.07	0.07	0.29	0.57	6	6	6	2	2	2	3	-2	0.72	0.65	0.535	1.35	2.324	1.108	1.66	1.736	1.09	0.71	1.25	0.85	3.45	5.1	4.2	0	8.8
Mg(Sn0.05Ti0.95)O3	-54	0.2	0.01	0.19	0.6	6	6	6	2	2	4	4	-2	0.72	0.69	0.605	1.35	2.324	2.705	1.764	1.736	1.09	1.41	0.91	0.85	3.45	4.15	3.8	0	17.4
(Mg0.95Co0.05)TiO3	-54	0.19	0.01	0.2	0.6	6	6	6	2	2	2	4	-2	0.72	0.65	0.605	1.35	2.324	1.108	1.764	1.736	1.09	0.71	0.91	0.85	3.45	5.1	3.8	0	16.8
Ba(Co0.5W0.5)O3	-55	0.2	0.1	0.1	0.6	12	6	6	2	2	2	6	-2	1.24	2.99	14.29	1.35	6.299	1.108	1.586	1.736	1.44	0.71	0.92	0.85	2.32	5.1	4.8	0	19.3
Yb2BaCuO5	-55	0.22	0.11	0.11	0.56	11	7	5	2	3	2	2	-2	1.042	1.38	0.73	1.35	4.128	6.299	1.181	1.736	1	1.44	1.12	0.85	3.22	2.32	4.45	0	7.9
Sr(Gd0.5Nb0.5)O3	-56	0.2	0.1	0.1	0.6	12	6	6	2	2	3	5	-2	1.44	3.2	10.42	1.35	5.632	3.31	1.807	1.736	1.39	1.09	0.95	0.85	2.4	3.2	4.05	0	34
Nd(Mg0.5Sn0.5)O3	-57	0.2	0.1	0.1	0.6	12	6	6	2	3	2	4	-2	1.29	0.86	5.8	1.35	3.418	2.324	2.705	1.736	1.17	1.09	1.41	0.85	3.19	3.45	4.15	0	19.3
Mg3Yb4Al44O75	-57	0.02	0.03	0.35	0.6	6	6	6	2	2	3	3	-2	0.72	1.02	0.535	1.35	2.324	4.128	1.66	1.736	1.09	1	1.25	0.85	3.45	3.22	4.2	0	10.3
(Mg0.9Mn0.1)2TiO4	-57	0.26	0.03	0.14	0.57	6	6	6	2	2	2	4	-2	0.72	0.67	0.605	1.35	2.324	1.22	1.764	1.736	1.09	0.79	0.91	0.85	3.45	4.45	3.8	0	15.5
Sr2MnSi2O7	-57	0.17	0.08	0.17	0.58	8	4	4	2	2	2	4	-2	1.26	0.66	0.4	1.35	5.632	1.22	2.002	1.736	1.39	0.79	1.18	0.85	2.4	4.45	4.7	0	8.8
La(Co0.5Ti0.5)O3	-57	0.2	0.1	0.1	0.6	12	6	6	2	3	2	4	-2	1.5	2.99	6.61	1.35	3.741	1.108	1.764	1.736	1.34	0.71	0.91	0.85	3.17	5.1	3.8	0	23
SmZrTaO6	-58	0.11	0.11	0.11	0.67	12	6	6	2	3	4	5	-2	1.32	0.86	7.81	1.35	3.318	2.328	1.801	1.736	1.11	0.98	0.95	0.85	3.2	3.45	4.05	0	21.2
(Zn0.3Co0.7)TiO3	-60	0.06	0.14	0.2	0.6	12	6	6	2	2	2	4	-2	0.9	2.99	6.61	1.35	1.521	1.108	1.764	1.736	1.25	0.71	0.91	0.85	4.1	5.1	3.8	0	22
Sr2ZnSi2O7	-60	0.17	0.08	0.17	0.58	8	4	4	2	2	2	4	-2	1.26	0.6	0.4	1.35	5.632	1.521	2.002	1.736	1.39	1.25	1.18	0.85	2.4	4.1	4.7	0	8.4
Sr2Al2SiO7	-60	0.17	0.17	0.08	0.58	8	4	4	2	2	3	4	-2	1.26	0.39	0.4	1.35	5.632	1.66	2.002	1.736	1.39	1.25	1.18	0.85	2.4	4.2	4.7	0	7
Mg2Si0.9Ti0.1O4	-60	0.29	0.13	0.01	0.57	6	6	6	2	2	4	4	-2	0.72	0.4	0.605	1.35	2.324	2.002	1.764	1.736	1.09	1.18	0.91	0.85	3.45	4.7	3.8	0	7.4
Ca(Mg0.33Ta0.67)O3	-61	0.2	0.07	0.13	0.6	12	6	6	2	2	2	5	-2	1.4	0.86	7.81	1.35	4.633	2.324	1.801	1.736	1.25	1.09	0.95	0.85	2.55	3.45	4.05	0	21
CaMgSi2O6	-62	0.1	0.1	0.2	0.6	8	6	4	2	2	2	4	-2	1.12	0.72	0.4	1.35	4.633	2.324	2.002	1.736	1.25	1.09	1.18	0.85	2.55	3.45	4.7	0	7
(K0.5Nd0.5)MoO4	-62	0.08	0.08	0.17	0.67	8	8	4	2	1	3	6	-2	1.51	1.109	0.59	1.35	7.572	3.418	1.558	1.736	1.32	1.17	0.9	0.85	2.25	3.19	4.65	0	9.9
Sr(In0.5Nb0.5)O3	-62	0.2	0.1	0.1	0.6	12	6	6	2	2	3	5	-2	1.44	3.75	10.42	1.35	5.632	2.617	1.807	1.736	1.39	1.49	0.95	0.85	2.4	3.9	4.05	0	26
(Mg0.95Ni0.05)2SnO4	-63	0.27	0.01	0.14	0.57	6	6	6	2	2	2	4	-2	0.72	0.69	0.69	1.35	2.324	1.093	2.705	1.736	1.09	1.13	1.41	0.85	3.45	5.2	4.15	0	8.7
YbTiNbO6	-63	0.11	0.11	0.11	0.67	6	6	6	2	3	4	5	-2	0.868	0.605	0.64	1.35	4.128	1.764	1.807	1.736	1	0.91	0.95	0.85	3.22	3.8	4.05	0	22
SrLa4Si3O13	-64	0.05	0.19	0.14	0.62	9	8	4	2	2	3	4	-2	1.31	1.16	0.4	1.35	5.632	3.741	2.002	1.736	1.39	1.34	1.18	0.85	2.4	3.17	4.7	0	14.2
Sr2CaSi2O7	-64	0.17	0.08	0.17	0.58	8	4	4	2	2	2	4	-2	1.26	1	0.26	1.35	5.632	4.633	2.002	1.736	1.39	1.25	1.18	0.85	2.4	2.55	4.7	0	11
Mg3CoNb2O9	-64	0.2	0.07	0.13	0.6	6	4	6	2	2	2	5	-2	0.72	0.65	0.64	1.35	2.324	1.108	1.807	1.736	1.09	0.71	0.95	0.85	3.45	5.1	4.05	0	12.3
(K0.5Sm0.5)MoO4	-65	0.08	0.08	0.17	0.67	8	8	4	2	1	3	6	-2	1.51	1.079	0.59	1.35	7.572	3.318	1.558	1.736	1.32	1.11	0.9	0.85	2.25	3.2	4.65	0	9.7
La(Mg0.67Ta0.33)O3	-65	0.2	0.13	0.07	0.6	12	6	6	2	3	2	5	-2	1.5	0.86	7.81	1.35	3.741	2.324	1.801	1.736	1.34	1.09	0.95	0.85	3.17	3.45	4.05	0	24.7
Sr(Ho0.5Nb0.5)O3	-65	0.2	0.1	0.1	0.6	12	6	6	2	2	3	5	-2	1.44	3.33	10.42	1.35	5.632	3.112	1.807	1.736	1.39	1.04	0.95	0.85	2.4	3.22	4.05	0	32
Ca(Co0.33Nb0.67)O3	-65	0.2	0.07	0.13	0.6	12	6	6	2	2	2	5	-2	1.4	2.99	10.42	1.35	4.633	1.108	1.807	1.736	1.25	0.71	0.95	0.85	2.55	5.1	4.05	0	29
Ca(Co0.33Ta0.67)O3	-65	0.2	0.07	0.13	0.6	12	6	6	2	2	2	5	-2	1.4	2.99	7.81	1.35	4.633	1.108	1.801	1.736	1.25	0.71	0.95	0.85	2.55	5.1	4.05	0	23
Ca(Zn0.33Ta0.67)O3	-66	0.2	0.07	0.13	0.6	12	6	6	2	2	2	5	-2	1.4	0.88	7.81	1.35	4.633	1.521	1.801	1.736	1.25	1.25	0.95	0.85	2.55	4.1	4.05	0	25
Sr(Gd0.5Ta0.5)O3	-66	0.2	0.1	0.1	0.6	12	6	6	2	2	3	5	-2	1.44	3.2	7.81	1.35	5.632	3.31	1.801	1.736	1.39	1.09	0.95	0.85	2.4	3.2	4.05	0	30
Sr(Er0.5Nb0.5)O3	-67	0.2	0.1	0.1	0.6	12	6	6	2	2	3	5	-2	1.44	3.37	10.42	1.35	5.632	3.064	1.807	1.736	1.39	1.02	0.95	0.85	2.4	3.22	4.05	0	32
(Mg0.95Zn0.05)4Nb2O9	-67	0.25	0.01	0.13	0.6	6	6	6	2	2	2	5	-2	0.72	0.74	0.64	1.35	2.324	1.521	1.807	1.736	1.09	1.25	0.95	0.85	3.45	4.1	4.05	0	13
SrCuP2O7	-70	0.09	0.09	0.18	0.64	9	5	4	2	2	2	5	-2	1.31	0.65	0.38	1.35	5.632	1.181	1.899	1.736	1.39	1.12	1.09	0.85	2.4	4.45	5.55	0	7
Sr(Co0.33Ta0.67)O3	-71	0.2	0.07	0.13	0.6	12	6	6	2	2	2	5	-2	1.44	2.99	7.81	1.35	5.632	1.108	1.801	1.736	1.39	0.71	0.95	0.85	2.4	5.1	4.05	0	23
Mg1.975Mn.025SiO4	-71	0.28	0	0.14	0.57	6	6	6	2	2	2	4	-2	0.72	0.67	0.4	1.35	2.324	1.22	2.002	1.736	1.09	0.79	1.18	0.85	3.45	4.45	4.7	0	6.71
Mg1.93Ca0.07SiO4	-72	0.28	0.01	0.14	0.57	6	6	6	2	2	2	4	-2	0.72	1.18	0.4	1.35	2.324	4.633	2.002	1.736	1.09	1.25	1.18	0.85	3.45	2.55	4.7	0	6.9
Li3InMo3O12	-73	0.16	0.05	0.16	0.63	6	6	6	2	1	3	6	-2	0.76	0.92	0.59	1.35	2.162	2.617	1.558	1.736	1.75	1.49	0.9	0.85	2.85	3.9	4.65	0	9.8
Zn(Nb0.94V0.06)2O6	-73	0.11	0.21	0.01	0.67	12	6	6	2	2	5	5	-2	0.9	10.42	9.26	1.35	1.521	1.807	1.392	1.736	1.25	0.95	0.86	0.85	4.1	4.05	4.25	0	23.9
Li3AlMo3O12	-73	0.16	0.05	0.16	0.63	6	6	6	2	1	3	6	-2	0.76	0.535	0.59	1.35	2.162	1.66	1.558	1.736	1.75	1.25	0.9	0.85	2.85	4.2	4.65	0	9.5
Sr(Co0.5W0.5)O3	-73	0.2	0.1	0.1	0.6	12	6	6	2	2	2	6	-2	1.44	2.99	14.29	1.35	5.632	1.108	1.586	1.736	1.39	0.71	0.92	0.85	2.4	5.1	4.8	0	21.2
Sr(Ho0.5Ta0.5)O3	-75	0.2	0.1	0.1	0.6	12	6	6	2	2	3	5	-2	1.44	3.33	7.81	1.35	5.632	3.112	1.801	1.736	1.39	1.04	0.95	0.85	2.4	3.22	4.05	0	28
SrZnP2O7	-76	0.09	0.09	0.18	0.64	8	5	4	2	2	2	5	-2	1.26	0.68	0.38	1.35	5.632	1.521	1.899	1.736	1.39	1.25	1.09	0.85	2.4	4.1	5.55	0	7.1
ZnCu2Nb2O8	-77	0.08	0.15	0.15	0.62	6	6	6	2	2	2	5	-2	0.74	0.57	0.48	1.35	1.521	1.181	1.807	1.736	1.25	1.12	0.95	0.85	4.1	4.45	4.05	0	16.7
Ba3Nb2P4O18	-77	0.11	0.07	0.15	0.67	10	6	4	2	2	5	5	-2	1.66	0.48	0.38	1.35	6.299	1.807	1.899	1.736	1.44	0.95	1.09	0.85	2.32	4.05	5.55	0	10
Ca(Ga0.5Ta0.5)O3	-81	0.2	0.1	0.1	0.6	12	6	6	2	2	3	5	-2	1.4	4.84	7.81	1.35	4.633	1.947	1.801	1.736	1.25	1.38	0.95	0.85	2.55	4.1	4.05	0	25
CaZnP2O7	-82	0.09	0.09	0.18	0.64	12	5	4	2	2	2	5	-2	1.34	0.68	0.17	1.35	4.633	1.521	1.899	1.736	1.25	1.25	1.09	0.85	2.55	4.1	5.55	0	7.6
Ca(Al0.5Ta0.5)O3	-90	0.2	0.1	0.1	0.6	12	6	6	2	2	3	5	-2	1.4	5.61	7.81	1.35	4.633	1.66	1.801	1.736	1.25	1.25	0.95	0.85	2.55	4.2	4.05	0	20
Ba5.1Sm8.6Ti18O54	-135	0.06	0.1	0.21	0.63	12	12	6	2	2	3	4	-2	1.35	0.958	0.605	1.35	6.299	3.318	1.764	1.736	1.44	1.11	0.91	0.85	2.32	3.2	3.8	0	85.9
