formula	Qf	Ax	Bx	Cx	Dx	Acn	Bcn	Ccn	Dcn	Air	Bir	Cir	Dir	Aap	Bap	Cap	Dap	Aen	Ben	Cen	Den	Amac	Bmac	Cmac	Dmac	Aaw	Baw	Caw	Daw	Aym	Bym	Cym	Dym	Ame	Bme	Cme	Dme	eps
BaCu(B2O5)	50000	0.11	0.11	0.22	0.56	11	6	3	2	1.57	0.73	0.01	1.35	11.07	3.01	1.51	0.54	2.4	4.48	4.29	7.54	461	166	7.38	36.6	137.327	63.546	10.811	15.999	12.8	129.8	0	0	7.8	13	23.6	0.444	7.3
(Ti0.8Sn0.2)Te3O8	22000	0.07	0.02	0.25	0.67	6	6	12	2	0.86	0.83	1.11	1.35	4.49	3.02	2.22	0.54	3.45	4.3	5.49	7.54	571	662	707	36.6	47.88	118.71	127.6	15.999	120.2	49.9	47.1	0	18.8	7.07	34.98	0.444	41
Bi2(Zn0.33Ta0.67)2O7	2600	0.18	0.06	0.12	0.64	6	4	4	2	1.06	0.6	0.64	1.35	4.04	2.24	2.47	0.54	4.69	4.45	4.11	7.54	596	189	444	36.6	208.98	65.39	180.948	15.999	34	104.5	185.7	0	10.9	7.28	24.7	0.444	51.8
Ba6Ta4TiO18	27500	0.21	0.14	0.03	0.62	12	6	6	2	1.61	0.923	0.605	1.35	11.07	2.47	4.49	0.54	2.4	4.11	3.45	7.54	461	444	571	36.6	137.327	180.948	47.88	15.999	12.8	185.7	120.2	0	7.8	24.7	18.8	0.444	27
Zn0.5Mg0.5Nb2O6	33100	0.06	0.06	0.22	0.67	12	6	6	2	0.9	0.86	10.42	1.35	2.24	3.18	4.45	0.54	4.45	8.3	4	7.54	189	121	441	36.6	65.39	24.305	92.906	15.999	104.5	44.7	104.9	0	7.28	8.9	26.8	0.444	22
Li2ZnTi3O8	72000	0.14	0.07	0.21	0.57	6.5	6	7	2	0.76	0.74	0.605	1.35	9.1	2.24	4.49	0.54	3.01	4.45	3.45	7.54	1.96	189	571	36.6	6.941	65.39	47.88	15.999	4.9	104.5	120.2	0	2.93	7.28	18.8	0.444	25.6
Li3AlB2O6	12460	0.25	0.08	0.17	0.5	4	4	3	2	0.59	0.39	0.27	1.35	9.1	5.23	1.51	0.54	3.01	3.23	4.29	7.54	1.96	152	7.38	36.6	6.941	26.982	10.811	15.999	4.9	70.6	0	0	2.93	10.5	23.6	0.444	4.2
Nd(Mg0.5Sn0.5)O3	43300	0.2	0.1	0.1	0.6	12	6	6	2	1.29	0.86	5.8	1.35	9.38	3.18	3.02	0.54	3	8.3	4.3	7.54	252	121	662	36.6	144.24	24.305	118.71	15.999	41.4	44.7	49.9	0	7.1	8.9	7.07	0.444	19.3
Nd2BaZnO5	12451	0.22	0.11	0.11	0.56	12	6	6	2	1.29	1.48	2.7	1.35	9.38	11.07	2.24	0.54	3	2.4	4.45	7.54	252	461	189	36.6	144.24	137.327	65.39	15.999	41.4	12.8	104.5	0	7.1	7.8	7.28	0.444	22.6
Ca0.8Sr0.2SnO3	6700	0.16	0.04	0.2	0.6	12	12	6	2	1.34	1.18	0.69	1.35	6.22	7.6	3.02	0.54	2.2	2	4.3	7.54	468	373	662	36.6	40.078	87.62	118.71	15.999	19.6	15.7	49.9	0	8.6	8.2	7.07	0.444	8.5
Ca(In0.5Ta0.5)O3	16700	0.2	0.1	0.1	0.6	12	6	6	2	1.4	3.75	7.81	1.35	6.22	5.01	2.47	0.54	2.2	3.1	4.11	7.54	468	638	444	36.6	40.078	114.82	180.948	15.999	19.6	10.6	185.7	0	8.6	3.26	24.7	0.444	24
Mg0.93Ca0.07TiO3	68550	0.19	0.01	0.2	0.6	12	6	6	2	1.1	2	6.61	1.35	3.18	6.22	4.49	0.54	8.3	2.2	3.45	7.54	121	468	571	36.6	24.305	40.078	47.88	15.999	44.7	19.6	120.2	0	8.9	8.6	18.8	0.444	22.2
YTiNbO6	8820	0.11	0.11	0.11	0.67	12	6	6	2	1.075	0.745	10.42	1.35	5.57	4.49	4.45	0.54	3.19	3.45	4	7.54	396	571	441	36.6	88.906	47.88	92.906	15.999	66.3	120.2	104.9	0	11.5	18.8	26.8	0.444	19
Yb2BaNiO5	44600	0.22	0.11	0.11	0.56	10	7	6	2	1.042	1.38	0.83	1.35	7.26	11.07	3.12	0.54	3.5	2.4	4.4	7.54	401	461	144	36.6	173.04	137.327	58.69	15.999	23.9	12.8	199.5	0	9.2	7.8	17.2	0.444	9.1
DyTiTaO6	40100	0.11	0.11	0.11	0.67	12	6	6	2	1.052	0.745	7.81	1.35	7.74	4.49	2.47	0.54	3.2	3.45	4.11	7.54	344	571	444	36.6	162.5	47.88	180.948	15.999	61.4	120.2	185.7	0	17.2	18.8	24.7	0.444	34.6
Ba(Pr0.5Ta0.5)O3	42800	0.2	0.1	0.1	0.6	12	6	6	2	1.24	1.13	7.81	1.35	11.07	9.92	2.47	0.54	2.4	3	4.11	7.54	461	236	444	36.6	137.327	140.908	180.948	15.999	12.8	37.3	185.7	0	7.8	11.3	24.7	0.444	38.5
(Nd0.99Mn0.015)1.02Nb0.988O4	38600	0.17	0	0.16	0.66	12	6	6	2	1.29	0.72	10.42	1.35	9.38	3.48	4.45	0.54	3	3.72	4	7.54	252	93	441	36.6	144.24	54.938	92.906	15.999	41.4	191	104.9	0	7.1	13.4	26.8	0.444	19.1
Sr4AlNbO8	3700	0.29	0.07	0.07	0.57	8	6	4	2	1.26	0.535	0.64	1.35	7.6	5.23	4.45	0.54	2	3.23	4	7.54	373	152	441	36.6	87.62	26.982	92.906	15.999	15.7	70.6	104.9	0	8.2	10.5	26.8	0.444	22
Sr(Pr0.5Ta0.5)O3	8400	0.2	0.1	0.1	0.6	12	6	6	2	1.44	1.13	7.81	1.35	7.6	9.92	2.47	0.54	2	3	4.11	7.54	373	236	444	36.6	87.62	140.908	180.948	15.999	15.7	37.3	185.7	0	8.2	11.3	24.7	0.444	32
LaMgAl11O19	28000	0.03	0.03	0.34	0.59	12	7	6	2	1.36	0.72	0.535	1.35	8.68	3.18	5.23	0.54	3.1	8.3	3.23	7.54	202	121	152	36.6	138.906	24.305	26.982	15.999	37.9	44.7	70.6	0	10	8.9	10.5	0.444	14
TiFeNbO6	2300	0.11	0.11	0.11	0.67	6	6	6	2	0.605	0.55	0.64	1.35	4.49	3.07	4.45	0.54	3.45	4.06	4	7.54	571	108	441	36.6	47.88	55.847	92.906	15.999	120.2	208	104.9	0	18.8	13.8	26.8	0.444	47.2
Sm2SrZnO5	19283	0.22	0.11	0.11	0.56	12	6	6	2	1.32	1.32	2.7	1.35	8.62	7.6	2.24	0.54	3.1	2	4.45	7.54	284	373	189	36.6	150.36	87.62	65.39	15.999	49.7	15.7	104.5	0	10.9	8.2	7.28	0.444	24.1
Ca(Yb0.5Nb0.5)O3	7200	0.2	0.1	0.1	0.6	12	6	6	2	1.4	1.008	10.42	1.35	6.22	7.26	4.45	0.54	2.2	3.5	4	7.54	468	401	441	36.6	40.078	173.04	92.906	15.999	19.6	23.9	104.9	0	8.6	9.2	26.8	0.444	27
Ba8Ta4Ti3O24	23050	0.21	0.1	0.08	0.62	12	6	6	2	1.24	0.78	6.61	1.35	11.07	2.47	4.49	0.54	2.4	4.11	3.45	7.54	461	444	571	36.6	137.327	180.948	47.88	15.999	12.8	185.7	120.2	0	7.8	24.7	18.8	0.444	34.2
Sr(Cr0.5Nb0.5)O3	6400	0.2	0.1	0.1	0.6	12	6	6	2	1.44	4.88	10.42	1.35	7.6	4.33	4.45	0.54	2	3.72	4	7.54	373	79.8	441	36.6	87.62	51.996	92.906	15.999	15.7	279	104.9	0	8.2	21	26.8	0.444	35
Sr6Nb4TiO18	6700	0.21	0.14	0.03	0.62	12	6	6	2	1.58	0.64	0.605	1.35	7.6	4.45	4.49	0.54	2	4	3.45	7.54	373	441	571	36.6	87.62	92.906	47.88	15.999	15.7	104.9	120.2	0	8.2	26.8	18.8	0.444	43
BaSr4Ta4O15	2800	0.04	0.17	0.17	0.62	12	6	6	2	1.24	1.32	7.81	1.35	11.07	7.6	2.47	0.54	2.4	2	4.11	7.54	461	373	444	36.6	137.327	87.62	180.948	15.999	12.8	15.7	185.7	0	7.8	8.2	24.7	0.444	31.7
Pb2Ta1.5Nb0.5O7	12800	0.18	0.14	0.05	0.64	6	6	6	2	1.19	0.68	0.64	1.35	4.16	2.47	4.45	0.54	3.9	4.11	4	7.54	579	444	441	36.6	207.2	180.948	92.906	15.999	16.1	185.7	104.9	0	4.81	24.7	26.8	0.444	64
Ba(Mg0.5W0.5)O3	57300	0.2	0.1	0.1	0.6	12	6	6	2	1.24	0.86	14.29	1.35	11.07	3.18	2.4	0.54	2.4	8.3	4.4	7.54	461	121	458	36.6	137.327	24.305	183.85	15.999	12.8	44.7	411	0	7.8	8.9	35	0.444	15
Li2CaSiO4	2500	0.25	0.12	0.12	0.5	4	8	4	2	0.59	1.12	0.4	1.35	9.1	6.22	2.19	0.54	3.01	2.2	4.77	7.54	1.96	468	189	36.6	6.941	40.078	28.086	15.999	4.9	19.6	113	0	2.93	8.6	50.6	0.444	4.4
(Zn0.95Co0.05)2TiO4	2100	0.27	0.01	0.14	0.57	12	6	6	2	0.9	2.99	6.61	1.35	2.24	3.01	4.49	0.54	4.45	4.3	3.45	7.54	189	125	571	36.6	65.39	58.933	47.88	15.999	104.5	211	120.2	0	7.28	16.3	18.8	0.444	19
Ba(Cd0.33Ta0.67)O3	50000	0.2	0.07	0.13	0.6	12	6	6	2	1.24	2.11	7.81	1.35	11.07	2.54	2.47	0.54	2.4	4.33	4.11	7.54	461	613	444	36.6	137.327	112.411	180.948	15.999	12.8	62.6	185.7	0	7.8	6.4	24.7	0.444	32
Sr(Sm0.5Nb0.5)O3	41000	0.2	0.1	0.1	0.6	12	6	6	2	1.44	1.098	10.42	1.35	7.6	8.62	4.45	0.54	2	3.1	4	7.54	373	284	441	36.6	87.62	150.36	92.906	15.999	15.7	49.7	104.9	0	8.2	10.9	26.8	0.444	31.8
Li3FeMo3O12	12000	0.16	0.05	0.16	0.63	6	6	6	2	0.76	0.55	0.59	1.35	9.1	3.07	4.08	0.54	3.01	4.06	3.9	7.54	1.96	108	163	36.6	6.941	55.847	95.94	15.999	4.9	208	324.8	0	2.93	13.8	28	0.444	11.5
GdTiNbO6	9050	0.11	0.11	0.11	0.67	12	6	6	2	1.25	0.745	10.42	1.35	7.78	4.49	4.45	0.54	3.3	3.45	4	7.54	314	571	441	36.6	157.25	47.88	92.906	15.999	54.8	120.2	104.9	0	15.5	18.8	26.8	0.444	20
Sr(Nd0.5Nb0.5)O3	2500	0.2	0.1	0.1	0.6	12	6	6	2	1.44	1.123	10.42	1.35	7.6	9.38	4.45	0.54	2	3	4	7.54	373	252	441	36.6	87.62	144.24	92.906	15.999	15.7	41.4	104.9	0	8.2	7.1	26.8	0.444	29.7
La2BaZnO5	17800	0.22	0.11	0.11	0.56	12	6	6	2	1.5	1.48	2.7	1.35	8.68	11.07	2.24	0.54	3.1	2.4	4.45	7.54	202	461	189	36.6	138.906	137.327	65.39	15.999	37.9	12.8	104.5	0	10	7.8	7.28	0.444	20.3
Y(Ti0.5W0.5)O4	6200	0.17	0.08	0.08	0.67	12	6	6	2	1.075	0.745	14.29	1.35	5.57	4.49	2.4	0.54	3.19	3.45	4.4	7.54	396	571	458	36.6	88.906	47.88	183.85	15.999	66.3	120.2	411	0	11.5	18.8	35	0.444	19.3
Mg2Si0.9Ti0.1O4	73760	0.29	0.13	0.01	0.57	6	6	6	2	0.72	0.4	0.605	1.35	3.18	2.19	4.49	0.54	8.3	4.77	3.45	7.54	121	189	571	36.6	24.305	28.086	47.88	15.999	44.7	113	120.2	0	8.9	50.6	18.8	0.444	7.4
SrLa4Ti5O15	45000	0.04	0.16	0.2	0.6	6	6	6	2	1.18	1.032	0.605	1.35	7.6	8.68	4.49	0.54	2	3.1	3.45	7.54	373	202	571	36.6	87.62	138.906	47.88	15.999	15.7	37.9	120.2	0	8.2	10	18.8	0.444	44
Ba(Eu0.5Nb0.5)O3	40200	0.2	0.1	0.1	0.6	12	6	6	2	1.24	3.17	10.42	1.35	11.07	8.38	4.45	0.54	2.4	3.1	4	7.54	461	299	441	36.6	137.327	151.965	92.906	15.999	12.8	18.2	104.9	0	7.8	10.5	26.8	0.444	40
Ba(La0.5Nb0.5)O3	8000	0.2	0.1	0.1	0.6	12	6	6	2	1.24	1.172	10.42	1.35	11.07	8.68	4.45	0.54	2.4	3.1	4	7.54	461	202	441	36.6	137.327	138.906	92.906	15.999	12.8	37.9	104.9	0	7.8	10	26.8	0.444	37.4
Gd2BaCuO5	3320	0.22	0.11	0.11	0.56	9	7	5	2	1.107	1.38	0.73	1.35	7.78	11.07	3.01	0.54	3.3	2.4	4.48	7.54	314	461	166	36.6	157.25	137.327	63.546	15.999	54.8	12.8	129.8	0	15.5	7.8	13	0.444	16
Ba5NbTa3O15	4700	0.21	0.04	0.12	0.62	12	6	6	2	1.61	0.64	0.64	1.35	11.07	4.45	2.47	0.54	2.4	4	4.11	7.54	461	441	444	36.6	137.327	92.906	180.948	15.999	12.8	104.9	185.7	0	7.8	26.8	24.7	0.444	32.2
Gd2BaZnO5	2580	0.22	0.11	0.11	0.56	9	7	5	2	1.107	1.38	0.68	1.35	7.78	11.07	2.24	0.54	3.3	2.4	4.45	7.54	314	461	189	36.6	157.25	137.327	65.39	15.999	54.8	12.8	104.5	0	15.5	7.8	7.28	0.444	17.2
BaSr4Nb4O15	23300	0.04	0.17	0.17	0.62	12	12	6	2	1.61	1.44	0.64	1.35	11.07	7.6	4.45	0.54	2.4	2	4	7.54	461	373	441	36.6	137.327	87.62	92.906	15.999	12.8	15.7	104.9	0	7.8	8.2	26.8	0.444	45
Ca(Zr0.6Ti0.4)O3	7840	0.2	0.12	0.08	0.6	12	6	6	2	1.4	0.86	6.61	1.35	6.22	4.63	4.49	0.54	2.2	3.64	3.45	7.54	468	419	571	36.6	40.078	91.224	47.88	15.999	19.6	98	120.2	0	8.6	19.2	18.8	0.444	78
Ba(Mn0.5Ti0.5)O3	11600	0.2	0.1	0.1	0.6	12	6	6	2	1.24	0.67	6.61	1.35	11.07	3.48	4.49	0.54	2.4	3.72	3.45	7.54	461	93	571	36.6	137.327	54.938	47.88	15.999	12.8	191	120.2	0	7.8	13.4	18.8	0.444	45
Tb(Ti0.5W0.5)O4	5900	0.17	0.08	0.08	0.67	12	6	6	2	1.1	0.745	14.29	1.35	7.91	4.49	2.4	0.54	3.2	3.45	4.4	7.54	329	571	458	36.6	158.925	47.88	183.85	15.999	55.7	120.2	411	0	16.3	18.8	35	0.444	19.1
Ba3Ti4Ta4O21	7000	0.09	0.12	0.12	0.66	13	6	6	2	1.61	0.745	0.64	1.35	11.07	4.49	2.47	0.54	2.4	3.45	4.11	7.54	461	571	444	36.6	137.327	47.88	180.948	15.999	12.8	120.2	185.7	0	7.8	18.8	24.7	0.444	48
Ba3Sr2Nb4O15	21200	0.12	0.08	0.17	0.62	12	12	6	2	1.61	1.44	0.64	1.35	11.07	7.6	4.45	0.54	2.4	2	4	7.54	461	373	441	36.6	137.327	87.62	92.906	15.999	12.8	15.7	104.9	0	7.8	8.2	26.8	0.444	51
Dy(Ti0.5W0.5)O4	6000	0.17	0.08	0.08	0.67	12	6	6	2	1.052	0.745	14.29	1.35	7.74	4.49	2.4	0.54	3.2	3.45	4.4	7.54	344	571	458	36.6	162.5	47.88	183.85	15.999	61.4	120.2	411	0	17.2	18.8	35	0.444	19.9
Bi0.95Sm0.05NbO4	5200	0.16	0.01	0.17	0.67	6	6	6	2	1.17	1.098	10.42	1.35	4.04	8.62	4.45	0.54	4.69	3.1	4	7.54	596	284	441	36.6	208.98	150.36	92.906	15.999	34	49.7	104.9	0	10.9	10.9	26.8	0.444	41
(Zn0.95Cu0.05)2TiO4	9700	0.27	0.01	0.14	0.57	6	6	6	2	0.74	0.73	0.605	1.35	2.24	3.01	4.49	0.54	4.45	4.48	3.45	7.54	189	166	571	36.6	65.39	63.546	47.88	15.999	104.5	129.8	120.2	0	7.28	13	18.8	0.444	18
Li2CoTi3O8	52600	0.14	0.07	0.21	0.57	8	6	6	2	1.06	2.99	6.61	1.35	9.1	3.01	4.49	0.54	3.01	4.3	3.45	7.54	1.96	125	571	36.6	6.941	58.933	47.88	15.999	4.9	211	120.2	0	2.93	16.3	18.8	0.444	28.9
Ba8Ta6MgO24	80900	0.21	0.15	0.03	0.62	12	6	6	2	1.24	0.78	2.78	1.35	11.07	2.47	3.18	0.54	2.4	4.11	8.3	7.54	461	444	121	36.6	137.327	180.948	24.305	15.999	12.8	185.7	44.7	0	7.8	24.7	8.9	0.444	26.6
Gd(Ti0.5W0.5)O4	5000	0.17	0.08	0.08	0.67	12	6	6	2	1.25	0.745	14.29	1.35	7.78	4.49	2.4	0.54	3.3	3.45	4.4	7.54	314	571	458	36.6	157.25	47.88	183.85	15.999	54.8	120.2	411	0	15.5	18.8	35	0.444	22.2
Ba(Mg0.33Nb0.67)O3	46000	0.2	0.07	0.13	0.6	12	6	6	2	1.24	0.86	10.42	1.35	11.07	3.18	4.45	0.54	2.4	8.3	4	7.54	461	121	441	36.6	137.327	24.305	92.906	15.999	12.8	44.7	104.9	0	7.8	8.9	26.8	0.444	31
Li0.774Zr0.057NbO3	3550	0.16	0.01	0.21	0.62	8	6	6	2	1.06	0.86	10.42	1.35	9.1	4.63	4.45	0.54	3.01	3.64	4	7.54	1.96	419	441	36.6	6.941	91.224	92.906	15.999	4.9	98	104.9	0	2.93	19.2	26.8	0.444	30.9
Ba(Co0.5W0.5)O3	21000	0.2	0.1	0.1	0.6	12	6	6	2	1.24	2.99	14.29	1.35	11.07	3.01	2.4	0.54	2.4	4.3	4.4	7.54	461	125	458	36.6	137.327	58.933	183.85	15.999	12.8	211	411	0	7.8	16.3	35	0.444	19.3
Ba3YNb3O12	39500	0.16	0.05	0.16	0.63	12	6	6	2	1.24	1.04	10.42	1.35	11.07	5.57	4.45	0.54	2.4	3.19	4	7.54	461	396	441	36.6	137.327	88.906	92.906	15.999	12.8	66.3	104.9	0	7.8	11.5	26.8	0.444	29.9
Ba4La4Ti7O24	500	0.1	0.1	0.18	0.62	12	12	6	2	1.35	1.032	0.605	1.35	11.07	8.68	4.49	0.54	2.4	3.1	3.45	7.54	461	202	571	36.6	137.327	138.906	47.88	15.999	12.8	37.9	120.2	0	7.8	10	18.8	0.444	82.2
Ba(Eu0.5Ta0.5)O3	41200	0.2	0.1	0.1	0.6	12	6	6	2	1.24	3.17	7.81	1.35	11.07	8.38	2.47	0.54	2.4	3.1	4.11	7.54	461	299	444	36.6	137.327	151.965	180.948	15.999	12.8	18.2	185.7	0	7.8	10.5	24.7	0.444	37
Mg3Yb4Al44O75	41000	0.02	0.03	0.35	0.6	6	6	6	2	0.72	1.02	0.535	1.35	3.18	7.26	5.23	0.54	8.3	3.5	3.23	7.54	121	401	152	36.6	24.305	173.04	26.982	15.999	44.7	23.9	70.6	0	8.9	9.2	10.5	0.444	10.3
Ba(Gd0.5Nb0.5)O3	5700	0.2	0.1	0.1	0.6	12	6	6	2	1.24	5.63	10.42	1.35	11.07	7.78	4.45	0.54	2.4	3.3	4	7.54	461	314	441	36.6	137.327	157.25	92.906	15.999	12.8	54.8	104.9	0	7.8	15.5	26.8	0.444	40
Ba2CeV3O11	10000	0.12	0.06	0.18	0.65	9	6	6	2	1.47	1.01	0.54	1.35	11.07	10.35	4.48	0.54	2.4	3	3.6	7.54	461	219	68.4	36.6	137.327	140.115	50.942	15.999	12.8	33.5	127.6	0	7.8	8.9	17.5	0.444	13.8
YbTiNbO6	11000	0.11	0.11	0.11	0.67	6	6	6	2	0.868	0.605	0.64	1.35	7.26	4.49	4.45	0.54	3.5	3.45	4	7.54	401	571	441	36.6	173.04	47.88	92.906	15.999	23.9	120.2	104.9	0	9.2	18.8	26.8	0.444	22
Li2MgTi3O8	54050	0.14	0.07	0.21	0.57	8	6	6	2	1.06	0.86	6.61	1.35	9.1	3.18	4.49	0.54	3.01	8.3	3.45	7.54	1.96	121	571	36.6	6.941	24.305	47.88	15.999	4.9	44.7	120.2	0	2.93	8.9	18.8	0.444	23
LiMgPO4	79100	0.14	0.14	0.14	0.57	6	6	4	2	0.76	0.72	0.38	1.35	9.1	3.18	1.34	0.54	3.01	8.3	5.62	7.54	1.96	121	229	36.6	6.941	24.305	30.974	15.999	4.9	44.7	0	0	2.93	8.9	2.51	0.444	6.6
Ba(Mn0.33Nb0.67)O3	9300	0.2	0.07	0.13	0.6	12	6	6	2	1.24	0.81	10.42	1.35	11.07	3.48	4.45	0.54	2.4	3.72	4	7.54	461	93	441	36.6	137.327	54.938	92.906	15.999	12.8	191	104.9	0	7.8	13.4	26.8	0.444	39
NdTiNbO6	4480	0.11	0.11	0.11	0.67	6	6	6	2	0.983	0.605	0.64	1.35	9.38	4.49	4.45	0.54	3	3.45	4	7.54	252	571	441	36.6	144.24	47.88	92.906	15.999	41.4	120.2	104.9	0	7.1	18.8	26.8	0.444	52
Ba2La4Ti5O18	31850	0.07	0.14	0.17	0.62	12	12	6	2	1.61	1.36	0.605	1.35	11.07	8.68	4.49	0.54	2.4	3.1	3.45	7.54	461	202	571	36.6	137.327	138.906	47.88	15.999	12.8	37.9	120.2	0	7.8	10	18.8	0.444	46
Mg0.95Co0.05Ti2O5	68000	0.12	0.01	0.25	0.62	12	6	6	2	1.1	2.99	6.61	1.35	3.18	3.01	4.49	0.54	8.3	4.3	3.45	7.54	121	125	571	36.6	24.305	58.933	47.88	15.999	44.7	211	120.2	0	8.9	16.3	18.8	0.444	18.6
Ba10Ta7.04Ti1.2O30	30000	0.21	0.15	0.02	0.62	12	6	6	2	1.24	0.78	6.61	1.35	11.07	2.47	4.49	0.54	2.4	4.11	3.45	7.54	461	444	571	36.6	137.327	180.948	47.88	15.999	12.8	185.7	120.2	0	7.8	24.7	18.8	0.444	36
CaSnSiO5	61000	0.12	0.12	0.12	0.62	7	4	6	2	1.06	0.55	0.4	1.35	6.22	3.02	2.19	0.54	2.2	4.3	4.77	7.54	468	662	189	36.6	40.078	118.71	28.086	15.999	19.6	49.9	113	0	8.6	7.07	50.6	0.444	9.1
Ba(Ni0.33Nb0.67)O3	48000	0.2	0.07	0.13	0.6	12	6	6	2	1.24	0.83	10.42	1.35	11.07	3.12	4.45	0.54	2.4	4.4	4	7.54	461	144	441	36.6	137.327	58.69	92.906	15.999	12.8	199.5	104.9	0	7.8	17.2	26.8	0.444	31
Sr2MgSi2O7	55000	0.17	0.08	0.17	0.58	8	4	4	2	1.26	0.57	0.4	1.35	7.6	3.18	2.19	0.54	2	8.3	4.77	7.54	373	121	189	36.6	87.62	24.305	28.086	15.999	15.7	44.7	113	0	8.2	8.9	50.6	0.444	8.3
CeTiTaO6	33300	0.11	0.11	0.11	0.67	9	6	6	2	1.196	0.745	0.64	1.35	10.35	4.49	2.47	0.54	3	3.45	4.11	7.54	219	571	444	36.6	140.115	47.88	180.948	15.999	33.5	120.2	185.7	0	8.9	18.8	24.7	0.444	46
Mg0.95Zn0.05Ti2O5	45000	0.12	0.01	0.25	0.62	12	6	6	2	1.1	0.88	6.61	1.35	3.18	2.24	4.49	0.54	8.3	4.45	3.45	7.54	121	189	571	36.6	24.305	65.39	47.88	15.999	44.7	104.5	120.2	0	8.9	7.28	18.8	0.444	18.5
Sr(Tb0.5Nb0.5)O3	36300	0.2	0.1	0.1	0.6	12	6	6	2	1.44	1.063	10.42	1.35	7.6	7.91	4.45	0.54	2	3.2	4	7.54	373	329	441	36.6	87.62	158.925	92.906	15.999	15.7	55.7	104.9	0	8.2	16.3	26.8	0.444	34
Ca(Zn0.33Nb0.67)O3	16000	0.2	0.07	0.13	0.6	12	6	6	2	1.4	0.88	10.42	1.35	6.22	2.24	4.45	0.54	2.2	4.45	4	7.54	468	189	441	36.6	40.078	65.39	92.906	15.999	19.6	104.5	104.9	0	8.6	7.28	26.8	0.444	35
Ba6Nb4TiO18	9500	0.21	0.14	0.03	0.62	12	6	6	2	1.61	0.64	0.605	1.35	11.07	4.45	4.49	0.54	2.4	4	3.45	7.54	461	441	571	36.6	137.327	92.906	47.88	15.999	12.8	104.9	120.2	0	7.8	26.8	18.8	0.444	43
Ag(Nb0.75Ta0.25)O3	200	0.2	0.15	0.05	0.6	12	6	6	2	0.78	10.42	7.81	1.35	3.29	4.45	2.47	0.54	4.44	4	4.11	7.54	586	441	444	36.6	107.868	92.906	180.948	15.999	82.7	104.9	185.7	0	11.1	26.8	24.7	0.444	487
Dy2BaCuO5	31610	0.22	0.11	0.11	0.56	11	7	5	2	1.083	1.38	0.73	1.35	7.74	11.07	3.01	0.54	3.2	2.4	4.48	7.54	344	461	166	36.6	162.5	137.327	63.546	15.999	61.4	12.8	129.8	0	17.2	7.8	13	0.444	14.9
(Ag0.5Bi0.5)MoO4	13000	0.08	0.08	0.17	0.67	12	6	6	2	0.78	2.91	10.17	1.35	3.29	4.04	4.08	0.54	4.44	4.69	3.9	7.54	586	596	163	36.6	107.868	208.98	95.94	15.999	82.7	34	324.8	0	11.1	10.9	28	0.444	35.9
Ag(Nb0.5Ta0.5)O3	300	0.2	0.1	0.1	0.6	12	6	6	2	0.78	10.42	7.81	1.35	3.29	4.45	2.47	0.54	4.44	4	4.11	7.54	586	441	444	36.6	107.868	92.906	180.948	15.999	82.7	104.9	185.7	0	11.1	26.8	24.7	0.444	285
Dy2BaZnO5	29669	0.22	0.11	0.11	0.56	9	7	5	2	1.083	1.38	0.68	1.35	7.74	11.07	2.24	0.54	3.2	2.4	4.45	7.54	344	461	189	36.6	162.5	137.327	65.39	15.999	61.4	12.8	104.5	0	17.2	7.8	7.28	0.444	17.1
Ba(Yb0.5Ta0.5)O3	14000	0.2	0.1	0.1	0.6	12	6	6	2	1.24	1.008	7.81	1.35	11.07	7.26	2.47	0.54	2.4	3.5	4.11	7.54	461	401	444	36.6	137.327	173.04	180.948	15.999	12.8	23.9	185.7	0	7.8	9.2	24.7	0.444	22.1
Pr(Ti0.5W0.5)O4	6900	0.17	0.08	0.08	0.67	12	6	6	2	1.2	0.745	14.29	1.35	9.92	4.49	2.4	0.54	3	3.45	4.4	7.54	236	571	458	36.6	140.908	47.88	183.85	15.999	37.3	120.2	411	0	11.3	18.8	35	0.444	20.3
Sm(Ti0.5W0.5)O4	7100	0.17	0.08	0.08	0.67	12	6	6	2	1.32	0.745	14.29	1.35	8.62	4.49	2.4	0.54	3.1	3.45	4.4	7.54	284	571	458	36.6	150.36	47.88	183.85	15.999	49.7	120.2	411	0	10.9	18.8	35	0.444	21.5
SrDy4Si3O13	9200	0.05	0.19	0.14	0.62	9	8	4	2	0.131	1.027	0.26	1.35	7.6	7.74	2.19	0.54	2	3.2	4.77	7.54	373	344	189	36.6	87.62	162.5	28.086	15.999	15.7	61.4	113	0	8.2	17.2	50.6	0.444	9.6
Ba5Nb2Ta2O15	10600	0.21	0.08	0.08	0.62	12	6	6	2	1.61	0.64	0.64	1.35	11.07	4.45	2.47	0.54	2.4	4	4.11	7.54	461	441	444	36.6	137.327	92.906	180.948	15.999	12.8	104.9	185.7	0	7.8	26.8	24.7	0.444	27
Nd(Zr0.33Ti0.67)O3	15800	0.2	0.07	0.13	0.6	12	6	6	2	1.29	0.86	6.61	1.35	9.38	4.63	4.49	0.54	3	3.64	3.45	7.54	252	419	571	36.6	144.24	91.224	47.88	15.999	41.4	98	120.2	0	7.1	19.2	18.8	0.444	31.4
Ca(Zr0.4Ti0.6)O3	6400	0.2	0.08	0.12	0.6	12	6	6	2	1.4	0.86	6.61	1.35	6.22	4.63	4.49	0.54	2.2	3.64	3.45	7.54	468	419	571	36.6	40.078	91.224	47.88	15.999	19.6	98	120.2	0	8.6	19.2	18.8	0.444	118
Ca(Gd0.5Nb0.5)O3	11000	0.2	0.1	0.1	0.6	12	6	6	2	1.4	3.2	10.42	1.35	6.22	7.78	4.45	0.54	2.2	3.3	4	7.54	468	314	441	36.6	40.078	157.25	92.906	15.999	19.6	54.8	104.9	0	8.6	15.5	26.8	0.444	25.5
Ba3.75La9.5Ti18O54	1800	0.04	0.11	0.21	0.63	12	12	6	2	1.35	1.032	0.605	1.35	11.07	8.68	4.49	0.54	2.4	3.1	3.45	7.54	461	202	571	36.6	137.327	138.906	47.88	15.999	12.8	37.9	120.2	0	7.8	10	18.8	0.444	109.2
Sr5NbTa3O15	6900	0.21	0.04	0.12	0.62	12	6	6	2	1.58	0.64	0.64	1.35	7.6	4.45	2.47	0.54	2	4	4.11	7.54	373	441	444	36.6	87.62	92.906	180.948	15.999	15.7	104.9	185.7	0	8.2	26.8	24.7	0.444	36.2
PrTiTaO6	32300	0.11	0.11	0.11	0.67	9	6	6	2	1.179	0.745	0.64	1.35	9.92	4.49	2.47	0.54	3	3.45	4.11	7.54	236	571	444	36.6	140.908	47.88	180.948	15.999	37.3	120.2	185.7	0	11.3	18.8	24.7	0.444	45.8
(Bi0.9Nd0.1)2Mo2O9	15200	0.14	0.02	0.15	0.69	6	6	4	2	1.06	0.983	0.59	1.35	4.04	9.38	4.08	0.54	4.69	3	3.9	7.54	596	252	163	36.6	208.98	144.24	95.94	15.999	34	41.4	324.8	0	10.9	7.1	28	0.444	33.9
Na0.5Ce0.5MoO4	19400	0.08	0.08	0.17	0.67	8	8	4	2	1.18	1.143	0.59	1.35	11.8	10.35	4.08	0.54	2.85	3	3.9	7.54	95.3	219	163	36.6	22.99	140.115	95.94	15.999	6.8	33.5	324.8	0	2.64	8.9	28	0.444	11.2
MgTa1.4Nb0.6O6	40800	0.11	0.16	0.07	0.67	12	6	6	2	1.1	0.78	10.42	1.35	3.18	2.47	4.45	0.54	8.3	4.11	4	7.54	121	444	441	36.6	24.305	180.948	92.906	15.999	44.7	185.7	104.9	0	8.9	24.7	26.8	0.444	27.3
Mg3Tb4Al44O75	5900	0.02	0.03	0.35	0.6	12	6	6	2	1.1	1.063	5.61	1.35	3.18	7.91	5.23	0.54	8.3	3.2	3.23	7.54	121	329	152	36.6	24.305	158.925	26.982	15.999	44.7	55.7	70.6	0	8.9	16.3	10.5	0.444	18.3
Ba8Ta6ZnO24	85000	0.21	0.15	0.03	0.62	12	6	6	2	1.24	0.78	2.7	1.35	11.07	2.47	2.24	0.54	2.4	4.11	4.45	7.54	461	444	189	36.6	137.327	180.948	65.39	15.999	12.8	185.7	104.5	0	7.8	24.7	7.28	0.444	28.9
Sr(Gd0.5Nb0.5)O3	8800	0.2	0.1	0.1	0.6	12	6	6	2	1.44	3.2	10.42	1.35	7.6	7.78	4.45	0.54	2	3.3	4	7.54	373	314	441	36.6	87.62	157.25	92.906	15.999	15.7	54.8	104.9	0	8.2	15.5	26.8	0.444	34
Na0.5Nd0.5MoO4	19600	0.08	0.08	0.17	0.67	8	8	4	2	1.18	1.109	0.59	1.35	11.8	9.38	4.08	0.54	2.85	3	3.9	7.54	95.3	252	163	36.6	22.99	144.24	95.94	15.999	6.8	41.4	324.8	0	2.64	7.1	28	0.444	10.5
Ba3Sr2Ta4O15	4000	0.12	0.08	0.17	0.62	12	6	6	2	1.24	1.32	7.81	1.35	11.07	7.6	2.47	0.54	2.4	2	4.11	7.54	461	373	444	36.6	137.327	87.62	180.948	15.999	12.8	15.7	185.7	0	7.8	8.2	24.7	0.444	34.3
Ca(Zr0.2Ti0.8)O3	4400	0.2	0.04	0.16	0.6	12	6	6	2	1.4	0.86	6.61	1.35	6.22	4.63	4.49	0.54	2.2	3.64	3.45	7.54	468	419	571	36.6	40.078	91.224	47.88	15.999	19.6	98	120.2	0	8.6	19.2	18.8	0.444	153
Sr(Ni0.33Ta0.67)O3	49000	0.2	0.07	0.13	0.6	12	6	6	2	1.44	0.83	7.81	1.35	7.6	3.12	2.47	0.54	2	4.4	4.11	7.54	373	144	444	36.6	87.62	58.69	180.948	15.999	15.7	199.5	185.7	0	8.2	17.2	24.7	0.444	23
CeTiNbO6	6530	0.11	0.11	0.11	0.67	8	6	6	2	1.143	0.745	0.64	1.35	10.35	4.49	4.45	0.54	3	3.45	4	7.54	219	571	441	36.6	140.115	47.88	92.906	15.999	33.5	120.2	104.9	0	8.9	18.8	26.8	0.444	54
Dy(W0.5Ti1.5)O6	20200	0.11	0.06	0.17	0.67	12	6	6	2	1.052	0.74	6.61	1.35	7.74	2.4	4.49	0.54	3.2	4.4	3.45	7.54	344	458	571	36.6	162.5	183.85	47.88	15.999	61.4	411	120.2	0	17.2	35	18.8	0.444	35.6
NaAlSi3O8	11200	0.08	0.08	0.23	0.62	7	4	4	2	1.12	0.39	0.26	1.35	11.8	5.23	2.19	0.54	2.85	3.23	4.77	7.54	95.3	152	189	36.6	22.99	26.982	28.086	15.999	6.8	70.6	113	0	2.64	10.5	50.6	0.444	5.5
Sr(Zn0.33Ta0.67)O3	21700	0.2	0.07	0.13	0.6	12	6	6	2	1.44	0.88	7.81	1.35	7.6	2.24	2.47	0.54	2	4.45	4.11	7.54	373	189	444	36.6	87.62	65.39	180.948	15.999	15.7	104.5	185.7	0	8.2	7.28	24.7	0.444	28
Ba11Nb8TiO33	12000	0.21	0.15	0.02	0.62	12	6	6	2	1.61	0.64	0.605	1.35	11.07	4.45	4.49	0.54	2.4	4	3.45	7.54	461	441	571	36.6	137.327	92.906	47.88	15.999	12.8	104.9	120.2	0	7.8	26.8	18.8	0.444	43.5
CaMgSi2O6	43200	0.1	0.1	0.2	0.6	8	6	4	2	1.12	0.72	0.4	1.35	6.22	3.18	2.19	0.54	2.2	8.3	4.77	7.54	468	121	189	36.6	40.078	24.305	28.086	15.999	19.6	44.7	113	0	8.6	8.9	50.6	0.444	7
Mg3Gd4Al44O75	4800	0.02	0.03	0.35	0.6	12	6	6	2	1.1	3.2	5.61	1.35	3.18	7.78	5.23	0.54	8.3	3.3	3.23	7.54	121	314	152	36.6	24.305	157.25	26.982	15.999	44.7	54.8	70.6	0	8.9	15.5	10.5	0.444	18.3
Sr(Ho0.5Ta0.5)O3	38800	0.2	0.1	0.1	0.6	12	6	6	2	1.44	3.33	7.81	1.35	7.6	7.58	2.47	0.54	2	3.3	4.11	7.54	373	359	444	36.6	87.62	164.93	180.948	15.999	15.7	64.8	185.7	0	8.2	17.2	24.7	0.444	28
Ho2BaZnO5	6200	0.22	0.11	0.11	0.56	9	7	5	2	1.072	1.38	0.68	1.35	7.58	11.07	2.24	0.54	3.3	2.4	4.45	7.54	359	461	189	36.6	164.93	137.327	65.39	15.999	64.8	12.8	104.5	0	17.2	7.8	7.28	0.444	17.2
Ba3Ti5Nb6O28	11400	0.07	0.12	0.14	0.67	12	6	6	2	1.24	0.745	10.42	1.35	11.07	4.49	4.45	0.54	2.4	3.45	4	7.54	461	571	441	36.6	137.327	47.88	92.906	15.999	12.8	120.2	104.9	0	7.8	18.8	26.8	0.444	37
Sr(Y0.5Nb0.5)O3	38800	0.2	0.1	0.1	0.6	12	6	6	2	1.44	1.04	10.42	1.35	7.6	5.57	4.45	0.54	2	3.19	4	7.54	373	396	441	36.6	87.62	88.906	92.906	15.999	15.7	66.3	104.9	0	8.2	11.5	26.8	0.444	32
Ba3Ti4Nb4O21	9500	0.09	0.12	0.12	0.66	12	6	6	2	1.61	0.605	0.64	1.35	11.07	4.49	4.45	0.54	2.4	3.45	4	7.54	461	571	441	36.6	137.327	47.88	92.906	15.999	12.8	120.2	104.9	0	7.8	18.8	26.8	0.444	55
SrLi2Ti6O14	8700	0.04	0.09	0.26	0.61	11	8	6	2	1.4	0.92	0.605	1.35	7.6	9.1	4.49	0.54	2	3.01	3.45	7.54	373	1.96	571	36.6	87.62	6.941	47.88	15.999	15.7	4.9	120.2	0	8.2	2.93	18.8	0.444	33.6
Ca(La0.5Nb0.5)O3	38000	0.2	0.1	0.1	0.6	12	6	6	2	1.4	1.172	10.42	1.35	6.22	8.68	4.45	0.54	2.2	3.1	4	7.54	468	202	441	36.6	40.078	138.906	92.906	15.999	19.6	37.9	104.9	0	8.6	10	26.8	0.444	20.6
Li3InMo3O12	36000	0.16	0.05	0.16	0.63	6	6	6	2	0.76	0.92	0.59	1.35	9.1	5.01	4.08	0.54	3.01	3.1	3.9	7.54	1.96	638	163	36.6	6.941	114.82	95.94	15.999	4.9	10.6	324.8	0	2.93	3.26	28	0.444	9.8
(KBi)0.5MoO4	4000	0.08	0.08	0.17	0.67	8	8	4	2	1.51	1.17	0.59	1.35	19.69	4.04	4.08	0.54	2.42	4.69	3.9	7.54	417	596	163	36.6	39.098	208.98	95.94	15.999	3.5	34	324.8	0	2.39	10.9	28	0.444	37
Er2BaZnO5	6836	0.22	0.11	0.11	0.56	9	7	5	2	1.062	1.38	0.68	1.35	7.46	11.07	2.24	0.54	3.3	2.4	4.45	7.54	373	461	189	36.6	167.26	137.327	65.39	15.999	69.9	12.8	104.5	0	17.2	7.8	7.28	0.444	16.3
Sr(Er0.5Nb0.5)O3	36100	0.2	0.1	0.1	0.6	12	6	6	2	1.44	3.37	10.42	1.35	7.6	7.46	4.45	0.54	2	3.3	4	7.54	373	373	441	36.6	87.62	167.26	92.906	15.999	15.7	69.9	104.9	0	8.2	17.2	26.8	0.444	32
BaAl2Si2O8	44800	0.08	0.15	0.15	0.62	9	4	4	2	1.61	0.39	0.4	1.35	11.07	5.23	2.19	0.54	2.4	3.23	4.77	7.54	461	152	189	36.6	137.327	26.982	28.086	15.999	12.8	70.6	113	0	7.8	10.5	50.6	0.444	6.4
Ba(Zn0.5W0.5)O3	22000	0.2	0.1	0.1	0.6	12	6	6	2	1.24	0.88	14.29	1.35	11.07	2.24	2.4	0.54	2.4	4.45	4.4	7.54	461	189	458	36.6	137.327	65.39	183.85	15.999	12.8	104.5	411	0	7.8	7.28	35	0.444	23
BaLa4Ti5O15	41000	0.04	0.16	0.2	0.6	12	6	6	2	1.61	1.032	0.605	1.35	11.07	8.68	4.49	0.54	2.4	3.1	3.45	7.54	461	202	571	36.6	137.327	138.906	47.88	15.999	12.8	37.9	120.2	0	7.8	10	18.8	0.444	44.4
La(Co0.5Ti0.5)O3	32000	0.2	0.1	0.1	0.6	12	6	6	2	1.5	2.99	6.61	1.35	8.68	3.01	4.49	0.54	3.1	4.3	3.45	7.54	202	125	571	36.6	138.906	58.933	47.88	15.999	37.9	211	120.2	0	10	16.3	18.8	0.444	23
BaNb2P2O11	24100	0.06	0.12	0.12	0.69	12	6	6	2	1.24	10.42	13.16	1.35	11.07	4.45	1.34	0.54	2.4	4	5.62	7.54	461	441	229	36.6	137.327	92.906	30.974	15.999	12.8	104.9	0	0	7.8	26.8	2.51	0.444	31.8
(Li0.5Gd0.5)MoO4	3900	0.08	0.08	0.17	0.67	8	6	6	2	1.06	3.2	10.17	1.35	9.1	7.78	4.08	0.54	3.01	3.3	3.9	7.54	1.96	314	163	36.6	6.941	157.25	95.94	15.999	4.9	54.8	324.8	0	2.93	15.5	28	0.444	19.5
Li8Bi2Mo7O28	8000	0.18	0.04	0.16	0.62	5	8	6	2	0.76	1.17	0.64	1.35	9.1	4.04	4.08	0.54	3.01	4.69	3.9	7.54	1.96	596	163	36.6	6.941	208.98	95.94	15.999	4.9	34	324.8	0	2.93	10.9	28	0.444	13.6
Pr(Mg0.5Ti0.5)O3	27800	0.2	0.1	0.1	0.6	12	6	6	2	1.2	0.86	6.61	1.35	9.92	3.18	4.49	0.54	3	8.3	3.45	7.54	236	121	571	36.6	140.908	24.305	47.88	15.999	37.3	44.7	120.2	0	11.3	8.9	18.8	0.444	28
Ca5Zn4(VO4)6	49400	0.13	0.1	0.15	0.62	10	4	4	2	1.37	0.6	0.355	1.35	6.22	2.24	4.48	0.54	2.2	4.45	3.6	7.54	468	189	68.4	36.6	40.078	65.39	50.942	15.999	19.6	104.5	127.6	0	8.6	7.28	17.5	0.444	11.7
Mg3CoNb2O9	34560	0.2	0.07	0.13	0.6	6	4	6	2	0.72	0.65	0.64	1.35	3.18	3.01	4.45	0.54	8.3	4.3	4	7.54	121	125	441	36.6	24.305	58.933	92.906	15.999	44.7	211	104.9	0	8.9	16.3	26.8	0.444	12.3
Ba(Ni0.33Ta0.67)O3	49700	0.2	0.07	0.13	0.6	12	6	6	2	1.24	0.83	7.81	1.35	11.07	3.12	2.47	0.54	2.4	4.4	4.11	7.54	461	144	444	36.6	137.327	58.69	180.948	15.999	12.8	199.5	185.7	0	7.8	17.2	24.7	0.444	23
TbTiTaO6	32300	0.11	0.11	0.11	0.67	9	6	6	2	1.095	0.745	0.64	1.35	7.91	4.49	2.47	0.54	3.2	3.45	4.11	7.54	329	571	444	36.6	158.925	47.88	180.948	15.999	55.7	120.2	185.7	0	16.3	18.8	24.7	0.444	36.8
(Li0.5Nd0.5)MoO4	3000	0.08	0.08	0.17	0.67	8	6	6	2	1.06	1.123	10.17	1.35	9.1	9.38	4.08	0.54	3.01	3	3.9	7.54	1.96	252	163	36.6	6.941	144.24	95.94	15.999	4.9	41.4	324.8	0	2.93	7.1	28	0.444	20.3
La3Ti2TaO11	7500	0.18	0.12	0.06	0.65	4.5	4	4	2	1.032	0.42	0.64	1.35	8.68	4.49	2.47	0.54	3.1	3.45	4.11	7.54	202	571	444	36.6	138.906	47.88	180.948	15.999	37.9	120.2	185.7	0	10	18.8	24.7	0.444	46
Sr2La4Ti5O18	27350	0.07	0.14	0.17	0.62	12	12	6	2	1.58	1.5	0.605	1.35	7.6	8.68	4.49	0.54	2	3.1	3.45	7.54	373	202	571	36.6	87.62	138.906	47.88	15.999	15.7	37.9	120.2	0	8.2	10	18.8	0.444	39.2
Ba2Sr3Nb4O15	16500	0.08	0.12	0.17	0.62	12	12	6	2	1.61	1.44	0.64	1.35	11.07	7.6	4.45	0.54	2.4	2	4	7.54	461	373	441	36.6	137.327	87.62	92.906	15.999	12.8	15.7	104.9	0	7.8	8.2	26.8	0.444	50
CaZrB2O6	39400	0.1	0.1	0.2	0.6	8	6	4	2	1.12	0.72	0.11	1.35	6.22	4.63	1.51	0.54	2.2	3.64	4.29	7.54	468	419	7.38	36.6	40.078	91.224	10.811	15.999	19.6	98	0	0	8.6	19.2	23.6	0.444	8.1
Ca(Fe0.5Nb0.5)O3	15800	0.2	0.1	0.1	0.6	12	6	6	2	1.4	3.28	10.42	1.35	6.22	3.07	4.45	0.54	2.2	4.06	4	7.54	468	108	441	36.6	40.078	55.847	92.906	15.999	19.6	208	104.9	0	8.6	13.8	26.8	0.444	36.8
CaCuP2O7	71620	0.09	0.09	0.18	0.64	8	5	4	2	1.12	0.65	0.38	1.35	6.22	3.01	1.34	0.54	2.2	4.48	5.62	7.54	468	166	229	36.6	40.078	63.546	30.974	15.999	19.6	129.8	0	0	8.6	13	2.51	0.444	7.3
GdTiTaO6	12900	0.11	0.11	0.11	0.67	6	6	6	2	0.938	0.605	0.64	1.35	7.78	4.49	2.47	0.54	3.3	3.45	4.11	7.54	314	571	444	36.6	157.25	47.88	180.948	15.999	54.8	120.2	185.7	0	15.5	18.8	24.7	0.444	37.9
Nd2BaCuO5	2200	0.22	0.11	0.11	0.56	10	8	4	2	1.163	1.42	0.73	1.35	9.38	11.07	3.01	0.54	3	2.4	4.48	7.54	252	461	166	36.6	144.24	137.327	63.546	15.999	41.4	12.8	129.8	0	7.1	7.8	13	0.444	17.6
Sr5.7Al0.7Nb9.3O30	80	0.12	0.02	0.2	0.66	12	12	6	2	1.44	0.72	0.64	1.35	7.6	5.23	4.45	0.54	2	3.23	4	7.54	373	152	441	36.6	87.62	26.982	92.906	15.999	15.7	70.6	104.9	0	8.2	10.5	26.8	0.444	118
Ca(Y0.5Ta0.5)O3	42300	0.2	0.1	0.1	0.6	12	6	6	2	1.4	1.04	7.81	1.35	6.22	5.57	2.47	0.54	2.2	3.19	4.11	7.54	468	396	444	36.6	40.078	88.906	180.948	15.999	19.6	66.3	185.7	0	8.6	11.5	24.7	0.444	27
SrLa4Si3O13	26300	0.05	0.19	0.14	0.62	9	8	4	2	1.31	1.16	0.4	1.35	7.6	8.68	2.19	0.54	2	3.1	4.77	7.54	373	202	189	36.6	87.62	138.906	28.086	15.999	15.7	37.9	113	0	8.2	10	50.6	0.444	14.2
BaMgV2O7	37600	0.09	0.09	0.18	0.64	11	5	4	2	1.57	0.66	0.355	1.35	11.07	3.18	4.48	0.54	2.4	8.3	3.6	7.54	461	121	68.4	36.6	137.327	24.305	50.942	15.999	12.8	44.7	127.6	0	7.8	8.9	17.5	0.444	8.2
Ho2BaCuO5	9360	0.22	0.11	0.11	0.56	9	7	5	2	1.072	1.38	0.73	1.35	7.58	11.07	3.01	0.54	3.3	2.4	4.48	7.54	359	461	166	36.6	164.93	137.327	63.546	15.999	64.8	12.8	129.8	0	17.2	7.8	13	0.444	15.3
La2Ti2SiO9	29500	0.14	0.14	0.07	0.64	12	6	6	2	1.5	0.745	10	1.35	8.68	4.49	2.19	0.54	3.1	3.45	4.77	7.54	202	571	189	36.6	138.906	47.88	28.086	15.999	37.9	120.2	113	0	10	18.8	50.6	0.444	28.3
SrGd4Si3O13	8800	0.05	0.19	0.14	0.62	9	8	4	2	0.131	1.053	0.26	1.35	7.6	7.78	2.19	0.54	2	3.3	4.77	7.54	373	314	189	36.6	87.62	157.25	28.086	15.999	15.7	54.8	113	0	8.2	15.5	50.6	0.444	12.6
ZnCu2Nb2O8	41000	0.08	0.15	0.15	0.62	6	6	6	2	0.74	0.57	0.48	1.35	2.24	3.01	4.45	0.54	4.45	4.48	4	7.54	189	166	441	36.6	65.39	63.546	92.906	15.999	104.5	129.8	104.9	0	7.28	13	26.8	0.444	16.7
SrZnP2O7	52780	0.09	0.09	0.18	0.64	8	5	4	2	1.26	0.68	0.38	1.35	7.6	2.24	1.34	0.54	2	4.45	5.62	7.54	373	189	229	36.6	87.62	65.39	30.974	15.999	15.7	104.5	0	0	8.2	7.28	2.51	0.444	7.1
Sr(Zn0.33Nb0.67)O3	36800	0.2	0.07	0.13	0.6	12	6	6	2	1.44	0.88	10.42	1.35	7.6	2.24	4.45	0.54	2	4.45	4	7.54	373	189	441	36.6	87.62	65.39	92.906	15.999	15.7	104.5	104.9	0	8.2	7.28	26.8	0.444	40
Ba2ZnSi2O7	48000	0.17	0.08	0.17	0.58	8	4	4	2	1.42	0.74	0.4	1.35	11.07	2.24	2.19	0.54	2.4	4.45	4.77	7.54	461	189	189	36.6	137.327	65.39	28.086	15.999	12.8	104.5	113	0	7.8	7.28	50.6	0.444	7.5
Ba(La0.5Ta0.5)O3	18000	0.2	0.1	0.1	0.6	12	6	6	2	1.24	1.172	7.81	1.35	11.07	8.68	2.47	0.54	2.4	3.1	4.11	7.54	461	202	444	36.6	137.327	138.906	180.948	15.999	12.8	37.9	185.7	0	7.8	10	24.7	0.444	27.1
Ba4.2Sm9.2Ti18O54	8950	0.05	0.11	0.21	0.63	12	12	6	2	1.35	0.958	0.605	1.35	11.07	8.62	4.49	0.54	2.4	3.1	3.45	7.54	461	284	571	36.6	137.327	150.36	47.88	15.999	12.8	49.7	120.2	0	7.8	10.9	18.8	0.444	83
(Li0.5Sm0.5)TiO3	2290	0.1	0.1	0.2	0.6	12	12	6	2	0.92	0.958	0.605	1.35	9.1	8.62	4.49	0.54	3.01	3.1	3.45	7.54	1.96	284	571	36.6	6.941	150.36	47.88	15.999	4.9	49.7	120.2	0	2.93	10.9	18.8	0.444	52
(Mg0.5Zn0.5)Al2O4	95000	0.07	0.07	0.29	0.57	4	4	6	2	0.57	0.6	0.535	1.35	3.18	2.24	5.23	0.54	8.3	4.45	3.23	7.54	121	189	152	36.6	24.305	65.39	26.982	15.999	44.7	104.5	70.6	0	8.9	7.28	10.5	0.444	8.6
CaZnP2O7	63130	0.09	0.09	0.18	0.64	12	5	4	2	1.34	0.68	0.17	1.35	6.22	2.24	1.34	0.54	2.2	4.45	5.62	7.54	468	189	229	36.6	40.078	65.39	30.974	15.999	19.6	104.5	0	0	8.6	7.28	2.51	0.444	7.6
Ni0.5Ti0.5NbO4	21100	0.08	0.08	0.17	0.67	6	6	6	2	0.69	0.605	0.64	1.35	3.12	4.49	4.45	0.54	4.4	3.45	4	7.54	144	571	441	36.6	58.69	47.88	92.906	15.999	199.5	120.2	104.9	0	17.2	18.8	26.8	0.444	56.8
(Zn0.33Ta0.67)0.7Ti0.3O2	17500	0.08	0.16	0.1	0.67	6	6	6	2	0.74	0.923	0.605	1.35	2.24	2.47	4.49	0.54	4.45	4.11	3.45	7.54	189	444	571	36.6	65.39	180.948	47.88	15.999	104.5	185.7	120.2	0	7.28	24.7	18.8	0.444	55.3
Tm2BaZnO5	8040	0.22	0.11	0.11	0.56	9	7	5	2	1.052	1.38	0.68	1.35	7.35	11.07	2.24	0.54	3.4	2.4	4.45	7.54	387	461	189	36.6	168.934	137.327	65.39	15.999	74	12.8	104.5	0	18.4	7.8	7.28	0.444	16.1
TbTiNbO6	15700	0.11	0.11	0.11	0.67	6	6	6	2	0.923	0.605	0.64	1.35	7.91	4.49	4.45	0.54	3.2	3.45	4	7.54	329	571	441	36.6	158.925	47.88	92.906	15.999	55.7	120.2	104.9	0	16.3	18.8	26.8	0.444	21
Ba3Nb2P4O18	58400	0.11	0.07	0.15	0.67	10	6	4	2	1.66	0.48	0.38	1.35	11.07	4.45	1.34	0.54	2.4	4	5.62	7.54	461	441	229	36.6	137.327	92.906	30.974	15.999	12.8	104.9	0	0	7.8	26.8	2.51	0.444	10
Mg0.6Zn0.4Al2O4	93000	0.09	0.06	0.29	0.57	4	4	6	2	0.57	0.6	0.535	1.35	3.18	2.24	5.23	0.54	8.3	4.45	3.23	7.54	121	189	152	36.6	24.305	65.39	26.982	15.999	44.7	104.5	70.6	0	8.9	7.28	10.5	0.444	8.2
Ca(Zn0.33Ta0.67)O3	25000	0.2	0.07	0.13	0.6	12	6	6	2	1.4	0.88	7.81	1.35	6.22	2.24	2.47	0.54	2.2	4.45	4.11	7.54	468	189	444	36.6	40.078	65.39	180.948	15.999	19.6	104.5	185.7	0	8.6	7.28	24.7	0.444	25
Nd(Ti0.5W0.5)O4	10600	0.17	0.08	0.08	0.67	12	6	6	2	1.29	0.745	14.29	1.35	9.38	4.49	2.4	0.54	3	3.45	4.4	7.54	252	571	458	36.6	144.24	47.88	183.85	15.999	41.4	120.2	411	0	7.1	18.8	35	0.444	21.3
Sr(Tb0.5Ta0.5)O3	34200	0.2	0.1	0.1	0.6	12	6	6	2	1.44	1.063	7.81	1.35	7.6	7.91	2.47	0.54	2	3.2	4.11	7.54	373	329	444	36.6	87.62	158.925	180.948	15.999	15.7	55.7	185.7	0	8.2	16.3	24.7	0.444	29
MgZn2(VO4)2	44700	0.08	0.15	0.15	0.62	6	4	4	2	0.72	0.6	0.355	1.35	3.18	2.24	4.48	0.54	8.3	4.45	3.6	7.54	121	189	68.4	36.6	24.305	65.39	50.942	15.999	44.7	104.5	127.6	0	8.9	7.28	17.5	0.444	8.1
(Li0.5Sm0.5)MoO4	4600	0.08	0.08	0.17	0.67	8	6	6	2	1.06	1.098	10.17	1.35	9.1	8.62	4.08	0.54	3.01	3.1	3.9	7.54	1.96	284	163	36.6	6.941	150.36	95.94	15.999	4.9	49.7	324.8	0	2.93	10.9	28	0.444	19.9
(Li0.5Pr0.5)TiO3	1010	0.1	0.1	0.2	0.6	12	12	6	2	0.92	0.99	0.605	1.35	9.1	9.92	4.49	0.54	3.01	3	3.45	7.54	1.96	236	571	36.6	6.941	140.908	47.88	15.999	4.9	37.3	120.2	0	2.93	11.3	18.8	0.444	92
Y(Mg0.5Ti0.5)O3	33700	0.2	0.1	0.1	0.6	12	6	6	2	1.075	0.86	6.61	1.35	5.57	3.18	4.49	0.54	3.19	8.3	3.45	7.54	396	121	571	36.6	88.906	24.305	47.88	15.999	66.3	44.7	120.2	0	11.5	8.9	18.8	0.444	22
LiAlSiO4	36000	0.14	0.14	0.14	0.57	4	4	4	2	0.59	0.39	0.4	1.35	9.1	5.23	2.19	0.54	3.01	3.23	4.77	7.54	1.96	152	189	36.6	6.941	26.982	28.086	15.999	4.9	70.6	113	0	2.93	10.5	50.6	0.444	4.8
Ca(Tb0.5Nb0.5)O3	34600	0.2	0.1	0.1	0.6	12	6	6	2	1.4	1.063	10.42	1.35	6.22	7.91	4.45	0.54	2.2	3.2	4	7.54	468	329	441	36.6	40.078	158.925	92.906	15.999	19.6	55.7	104.9	0	8.6	16.3	26.8	0.444	26.5
La6ZnTi4O18	21850	0.21	0.03	0.14	0.62	12	6	6	2	1.36	0.74	0.605	1.35	8.68	2.24	4.49	0.54	3.1	4.45	3.45	7.54	202	189	571	36.6	138.906	65.39	47.88	15.999	37.9	104.5	120.2	0	10	7.28	18.8	0.444	37.7
Mg0.8Zn0.2Al2O4	87000	0.11	0.03	0.29	0.57	4	4	6	2	0.57	0.6	0.535	1.35	3.18	2.24	5.23	0.54	8.3	4.45	3.23	7.54	121	189	152	36.6	24.305	65.39	26.982	15.999	44.7	104.5	70.6	0	8.9	7.28	10.5	0.444	8.1
Ba4SrNb4O15	14600	0.17	0.04	0.17	0.62	12	12	6	2	1.61	1.44	0.64	1.35	11.07	7.6	4.45	0.54	2.4	2	4	7.54	461	373	441	36.6	137.327	87.62	92.906	15.999	12.8	15.7	104.9	0	7.8	8.2	26.8	0.444	48
Eu2BaCuO5	9820	0.22	0.11	0.11	0.56	9	7	5	2	1.13	1.38	0.73	1.35	8.38	11.07	3.01	0.54	3.1	2.4	4.48	7.54	299	461	166	36.6	151.965	137.327	63.546	15.999	18.2	12.8	129.8	0	10.5	7.8	13	0.444	17.1
Ba0.95(Zn0.5W0.5)O2.95	25000	0.19	0.1	0.1	0.6	12	6	6	2	1.24	0.88	14.29	1.35	11.07	2.24	2.4	0.54	2.4	4.45	4.4	7.54	461	189	458	36.6	137.327	65.39	183.85	15.999	12.8	104.5	411	0	7.8	7.28	35	0.444	21
(Zn0.95Mn0.05)2TiO4	9550	0.27	0.01	0.14	0.57	6	6	6	2	0.74	0.67	0.605	1.35	2.24	3.48	4.49	0.54	4.45	3.72	3.45	7.54	189	93	571	36.6	65.39	54.938	47.88	15.999	104.5	191	120.2	0	7.28	13.4	18.8	0.444	18.2
Sr(Yb0.5Ta0.5)O3	32300	0.2	0.1	0.1	0.6	12	6	6	2	1.44	1.008	7.81	1.35	7.6	7.26	2.47	0.54	2	3.5	4.11	7.54	373	401	444	36.6	87.62	173.04	180.948	15.999	15.7	23.9	185.7	0	8.2	9.2	24.7	0.444	26
Ba(Dy0.5Ta0.5)O3	20600	0.2	0.1	0.1	0.6	12	6	6	2	1.24	1.87	7.81	1.35	11.07	7.74	2.47	0.54	2.4	3.2	4.11	7.54	461	344	444	36.6	137.327	162.5	180.948	15.999	12.8	61.4	185.7	0	7.8	17.2	24.7	0.444	34
Bi6Ti5TeO22	220	0.18	0.15	0.03	0.65	12	6	6	2	1.17	6.61	1.11	1.35	4.04	4.49	2.22	0.54	4.69	3.45	5.49	7.54	596	571	707	36.6	208.98	47.88	127.6	15.999	34	120.2	47.1	0	10.9	18.8	34.98	0.444	350
Ba4Sm9.33Ti18O54	10099	0.05	0.11	0.21	0.63	12	12	6	2	1.35	0.958	0.605	1.35	11.07	8.62	4.49	0.54	2.4	3.1	3.45	7.54	461	284	571	36.6	137.327	150.36	47.88	15.999	12.8	49.7	120.2	0	7.8	10.9	18.8	0.444	81.2
(Li0.5Nd0.5)WO4	4210	0.08	0.08	0.17	0.67	6	6	6	2	0.76	0.983	0.6	1.35	9.1	9.38	2.4	0.54	3.01	3	4.4	7.54	1.96	252	458	36.6	6.941	144.24	183.85	15.999	4.9	41.4	411	0	2.93	7.1	35	0.444	16.1
Zn2(Sn0.95Ti0.05)O4	76900	0.29	0.14	0.01	0.57	6	6	6	2	0.74	0.69	0.605	1.35	2.24	3.02	4.49	0.54	4.45	4.3	3.45	7.54	189	662	571	36.6	65.39	118.71	47.88	15.999	104.5	49.9	120.2	0	7.28	7.07	18.8	0.444	9.9
Ca(Eu0.5Nb0.5)O3	35800	0.2	0.1	0.1	0.6	12	6	6	2	1.4	3.17	10.42	1.35	6.22	8.38	4.45	0.54	2.2	3.1	4	7.54	468	299	441	36.6	40.078	151.965	92.906	15.999	19.6	18.2	104.9	0	8.6	10.5	26.8	0.444	25
Sr3YNb3O12	15300	0.16	0.05	0.16	0.63	12	6	6	2	1.44	1.04	10.42	1.35	7.6	5.57	4.45	0.54	2	3.19	4	7.54	373	396	441	36.6	87.62	88.906	92.906	15.999	15.7	66.3	104.9	0	8.2	11.5	26.8	0.444	34.9
Ba(Ca0.33Ta0.67)O3	27400	0.2	0.07	0.13	0.6	12	6	6	2	1.24	2	7.81	1.35	11.07	6.22	2.47	0.54	2.4	2.2	4.11	7.54	461	468	444	36.6	137.327	40.078	180.948	15.999	12.8	19.6	185.7	0	7.8	8.6	24.7	0.444	30
Ca(In0.5Nb0.5)O3	37900	0.2	0.1	0.1	0.6	12	6	6	2	1.4	3.75	10.42	1.35	6.22	5.01	4.45	0.54	2.2	3.1	4	7.54	468	638	441	36.6	40.078	114.82	92.906	15.999	19.6	10.6	104.9	0	8.6	3.26	26.8	0.444	29.6
LaSrAlO4	32820	0.14	0.14	0.14	0.57	9	9	6	2	1.216	1.31	0.535	1.35	8.68	7.6	5.23	0.54	3.1	2	3.23	7.54	202	373	152	36.6	138.906	87.62	26.982	15.999	37.9	15.7	70.6	0	10	8.2	10.5	0.444	15.3
Ba3LaTa3O12	22000	0.16	0.05	0.16	0.63	12	12	6	2	1.61	1.36	0.64	1.35	11.07	8.68	2.47	0.54	2.4	3.1	4.11	7.54	461	202	444	36.6	137.327	138.906	180.948	15.999	12.8	37.9	185.7	0	7.8	10	24.7	0.444	36.8
Li0.2Nd0.6TiO3	2400	0.04	0.12	0.21	0.62	12	12	6	2	0.92	0.983	0.605	1.35	9.1	9.38	4.49	0.54	3.01	3	3.45	7.54	1.96	252	571	36.6	6.941	144.24	47.88	15.999	4.9	41.4	120.2	0	2.93	7.1	18.8	0.444	88
SrSm2Al2O7	64700	0.08	0.17	0.17	0.58	12	6	6	2	1.44	1.098	5.61	1.35	7.6	8.62	5.23	0.54	2	3.1	3.23	7.54	373	284	152	36.6	87.62	150.36	26.982	15.999	15.7	49.7	70.6	0	8.2	10.9	10.5	0.444	21.6
Sr(Dy0.5Nb0.5)O3	32700	0.2	0.1	0.1	0.6	12	6	6	2	1.44	1.87	10.42	1.35	7.6	7.74	4.45	0.54	2	3.2	4	7.54	373	344	441	36.6	87.62	162.5	92.906	15.999	15.7	61.4	104.9	0	8.2	17.2	26.8	0.444	33
SrYb4Si3O13	11400	0.05	0.19	0.14	0.62	9	8	4	2	0.131	0.985	0.26	1.35	7.6	7.26	2.19	0.54	2	3.5	4.77	7.54	373	401	189	36.6	87.62	173.04	28.086	15.999	15.7	23.9	113	0	8.2	9.2	50.6	0.444	13.1
Ag(Nb0.25Ta0.75)O3	600	0.2	0.05	0.15	0.6	12	6	6	2	0.78	10.42	7.81	1.35	3.29	4.45	2.47	0.54	4.44	4	4.11	7.54	586	441	444	36.6	107.868	92.906	180.948	15.999	82.7	104.9	185.7	0	11.1	26.8	24.7	0.444	295
Li2.081Ti0.676Nb0.243O3	50000	0.35	0.11	0.04	0.5	8	6	6	2	1.06	0.745	10.42	1.35	9.1	4.49	4.45	0.54	3.01	3.45	4	7.54	1.96	571	441	36.6	6.941	47.88	92.906	15.999	4.9	120.2	104.9	0	2.93	18.8	26.8	0.444	20
Er2BaCuO5	12560	0.22	0.11	0.11	0.56	9	7	5	2	1.062	1.38	0.73	1.35	7.46	11.07	3.01	0.54	3.3	2.4	4.48	7.54	373	461	166	36.6	167.26	137.327	63.546	15.999	69.9	12.8	129.8	0	17.2	7.8	13	0.444	13.5
(Li0.5Nd0.5)TiO3	3100	0.1	0.1	0.2	0.6	12	12	6	2	0.92	0.983	0.605	1.35	9.1	9.38	4.49	0.54	3.01	3	3.45	7.54	1.96	252	571	36.6	6.941	144.24	47.88	15.999	4.9	41.4	120.2	0	2.93	7.1	18.8	0.444	80
La5Zn0.5Ti3.5O15	23000	0.21	0.02	0.15	0.62	12	6	6	2	1.36	0.74	0.605	1.35	8.68	2.24	4.49	0.54	3.1	4.45	3.45	7.54	202	189	571	36.6	138.906	65.39	47.88	15.999	37.9	104.5	120.2	0	10	7.28	18.8	0.444	36.5
NaAgMoO4	33000	0.14	0.14	0.14	0.57	8	8	6	2	1.18	1.15	0.59	1.35	11.8	3.29	4.08	0.54	2.85	4.44	3.9	7.54	95.3	586	163	36.6	22.99	107.868	95.94	15.999	6.8	82.7	324.8	0	2.64	11.1	28	0.444	7.9
BaPr2Ti5O14	9000	0.05	0.09	0.23	0.64	12	12	6	2	1.35	0.99	0.605	1.35	11.07	9.92	4.49	0.54	2.4	3	3.45	7.54	461	236	571	36.6	137.327	140.908	47.88	15.999	12.8	37.3	120.2	0	7.8	11.3	18.8	0.444	84
Ba11TiNb8O33	27000	0.21	0.02	0.15	0.62	12	6	6	2	1.61	0.605	0.64	1.35	11.07	4.49	4.45	0.54	2.4	3.45	4	7.54	461	571	441	36.6	137.327	47.88	92.906	15.999	12.8	120.2	104.9	0	7.8	18.8	26.8	0.444	42.3
Sr2CaSi2O7	13500	0.17	0.08	0.17	0.58	8	4	4	2	1.26	1	0.26	1.35	7.6	6.22	2.19	0.54	2	2.2	4.77	7.54	373	468	189	36.6	87.62	40.078	28.086	15.999	15.7	19.6	113	0	8.2	8.6	50.6	0.444	11
Ba2Sr3Ta4O15	2400	0.08	0.12	0.17	0.62	12	12	6	2	1.61	1.44	0.64	1.35	11.07	7.6	2.47	0.54	2.4	2	4.11	7.54	461	373	444	36.6	137.327	87.62	180.948	15.999	12.8	15.7	185.7	0	7.8	8.2	24.7	0.444	35.2
(NaBi)0.5MoO4	12300	0.08	0.08	0.17	0.67	12	6	6	2	1.39	2.91	10.17	1.35	11.8	4.04	4.08	0.54	2.85	4.69	3.9	7.54	95.3	596	163	36.6	22.99	208.98	95.94	15.999	6.8	34	324.8	0	2.64	10.9	28	0.444	34.4
Ca(Pr0.5Ta0.5)O3	22200	0.2	0.1	0.1	0.6	12	6	6	2	1.4	1.13	7.81	1.35	6.22	9.92	2.47	0.54	2.2	3	4.11	7.54	468	236	444	36.6	40.078	140.908	180.948	15.999	19.6	37.3	185.7	0	8.6	11.3	24.7	0.444	24
Ba2MgWO6	45200	0.2	0.1	0.1	0.6	12	6	6	2	1.24	0.86	14.29	1.35	11.07	3.18	2.4	0.54	2.4	8.3	4.4	7.54	461	121	458	36.6	137.327	24.305	183.85	15.999	12.8	44.7	411	0	7.8	8.9	35	0.444	17.6
Sr(Er0.5Ta0.5)O3	22100	0.2	0.1	0.1	0.6	12	6	6	2	1.44	3.37	7.81	1.35	7.6	7.46	2.47	0.54	2	3.3	4.11	7.54	373	373	444	36.6	87.62	167.26	180.948	15.999	15.7	69.9	185.7	0	8.2	17.2	24.7	0.444	27
Ba10Co0.25Ta7.9O30	36700	0.21	0.01	0.16	0.62	12	6	6	2	1.24	2.99	7.81	1.35	11.07	3.01	2.47	0.54	2.4	4.3	4.11	7.54	461	125	444	36.6	137.327	58.933	180.948	15.999	12.8	211	185.7	0	7.8	16.3	24.7	0.444	29.7
Ca(Ho0.5Ta0.5)O3	23700	0.2	0.1	0.1	0.6	12	6	6	2	1.4	3.33	7.81	1.35	6.22	7.58	2.47	0.54	2.2	3.3	4.11	7.54	468	359	444	36.6	40.078	164.93	180.948	15.999	19.6	64.8	185.7	0	8.6	17.2	24.7	0.444	28
Ba(Y0.5Ta0.5)O3	38500	0.2	0.1	0.1	0.6	12	6	6	2	1.24	1.04	7.81	1.35	11.07	5.57	2.47	0.54	2.4	3.19	4.11	7.54	461	396	444	36.6	137.327	88.906	180.948	15.999	12.8	66.3	185.7	0	7.8	11.5	24.7	0.444	30.5
(Li0.5Y0.5)MoO4	10400	0.08	0.08	0.17	0.67	8	6	6	2	1.06	1.04	10.17	1.35	9.1	5.57	4.08	0.54	3.01	3.19	3.9	7.54	1.96	396	163	36.6	6.941	88.906	95.94	15.999	4.9	66.3	324.8	0	2.93	11.5	28	0.444	18.8
LiInSiO4	12600	0.14	0.14	0.14	0.57	6	6	4	2	0.76	0.8	0.4	1.35	9.1	5.01	2.19	0.54	3.01	3.1	4.77	7.54	1.96	638	189	36.6	6.941	114.82	28.086	15.999	4.9	10.6	113	0	2.93	3.26	50.6	0.444	8.2
BiNb0.6Sb0.4O4	9500	0.17	0.1	0.07	0.67	6	6	6	2	1.17	10.42	8.33	1.35	4.04	4.45	2.37	0.54	4.69	4	4.85	7.54	596	441	288	36.6	208.98	92.906	121.75	15.999	34	104.9	54.7	0	10.9	26.8	39.7	0.444	40.7
Ba(Yb0.5Nb0.5)O3	16500	0.2	0.1	0.1	0.6	12	6	6	2	1.24	1.008	10.42	1.35	11.07	7.26	4.45	0.54	2.4	3.5	4	7.54	461	401	441	36.6	137.327	173.04	92.906	15.999	12.8	23.9	104.9	0	7.8	9.2	26.8	0.444	30
(Zn0.3Co0.7)TiO3	80000	0.06	0.14	0.2	0.6	12	6	6	2	0.9	2.99	6.61	1.35	2.24	3.01	4.49	0.54	4.45	4.3	3.45	7.54	189	125	571	36.6	65.39	58.933	47.88	15.999	104.5	211	120.2	0	7.28	16.3	18.8	0.444	22
Sr(Dy0.5Ta0.5)O3	34200	0.2	0.1	0.1	0.6	12	6	6	2	1.44	1.87	7.81	1.35	7.6	7.74	2.47	0.54	2	3.2	4.11	7.54	373	344	444	36.6	87.62	162.5	180.948	15.999	15.7	61.4	185.7	0	8.2	17.2	24.7	0.444	28
Sm(W0.5Ti1.5)O6	35500	0.11	0.06	0.17	0.67	12	6	6	2	1.32	0.74	6.61	1.35	8.62	2.4	4.49	0.54	3.1	4.4	3.45	7.54	284	458	571	36.6	150.36	183.85	47.88	15.999	49.7	411	120.2	0	10.9	35	18.8	0.444	39.4
(Nd0.5Na0.5)TiO3	2700	0.1	0.1	0.2	0.6	12	12	6	2	1.35	0.605	1.16	1.35	11.8	9.38	4.49	0.54	2.85	3	3.45	7.54	95.3	252	571	36.6	22.99	144.24	47.88	15.999	6.8	41.4	120.2	0	2.64	7.1	18.8	0.444	98
SrNd4Si3O13	21000	0.05	0.19	0.14	0.62	9	8	4	2	1.31	1.109	0.4	1.35	7.6	9.38	2.19	0.54	2	3	4.77	7.54	373	252	189	36.6	87.62	144.24	28.086	15.999	15.7	41.4	113	0	8.2	7.1	50.6	0.444	15.5
Ba(Ho0.5Ta0.5)O3	21900	0.2	0.1	0.1	0.6	12	6	6	2	1.24	3.33	7.81	1.35	11.07	7.58	2.47	0.54	2.4	3.3	4.11	7.54	461	359	444	36.6	137.327	164.93	180.948	15.999	12.8	64.8	185.7	0	7.8	17.2	24.7	0.444	39.6
Bi3FeMo2O12	14500	0.17	0.06	0.11	0.67	6	6	6	2	1.17	3.28	10.17	1.35	4.04	3.07	4.08	0.54	4.69	4.06	3.9	7.54	596	108	163	36.6	208.98	55.847	95.94	15.999	34	208	324.8	0	10.9	13.8	28	0.444	27.2
Cu0.5Ti0.5NbO4	11000	0.08	0.08	0.17	0.67	6	6	6	2	0.73	0.605	0.64	1.35	3.01	4.49	4.45	0.54	4.48	3.45	4	7.54	166	571	441	36.6	63.546	47.88	92.906	15.999	129.8	120.2	104.9	0	13	18.8	26.8	0.444	71.2
Tm2BaCuO5	14400	0.22	0.11	0.11	0.56	11	7	5	2	1.052	1.38	0.73	1.35	7.35	11.07	3.01	0.54	3.4	2.4	4.48	7.54	387	461	166	36.6	168.934	137.327	63.546	15.999	74	12.8	129.8	0	18.4	7.8	13	0.444	12.8
Eu2BaZnO5	23360	0.22	0.11	0.11	0.56	9	7	5	2	1.13	1.38	0.68	1.35	8.38	11.07	2.24	0.54	3.1	2.4	4.45	7.54	299	461	189	36.6	151.965	137.327	65.39	15.999	18.2	12.8	104.5	0	10.5	7.8	7.28	0.444	18.1
Ba16Nb12TiO48	29000	0.21	0.16	0.01	0.62	12	6	6	2	1.61	0.64	0.605	1.35	11.07	4.45	4.49	0.54	2.4	4	3.45	7.54	461	441	571	36.6	137.327	92.906	47.88	15.999	12.8	104.9	120.2	0	7.8	26.8	18.8	0.444	42.9
Ca(Eu0.5Ta0.5)O3	23600	0.2	0.1	0.1	0.6	12	6	6	2	1.4	3.17	7.81	1.35	6.22	8.38	2.47	0.54	2.2	3.1	4.11	7.54	468	299	444	36.6	40.078	151.965	180.948	15.999	19.6	18.2	185.7	0	8.6	10.5	24.7	0.444	26.8
SrTm4Si3O13	14400	0.05	0.19	0.14	0.62	9	8	4	2	0.131	0.994	0.26	1.35	7.6	7.35	2.19	0.54	2	3.4	4.77	7.54	373	387	189	36.6	87.62	168.934	28.086	15.999	15.7	74	113	0	8.2	18.4	50.6	0.444	11.2
Sr(Nd0.5Ta0.5)O3	25000	0.2	0.1	0.1	0.6	12	6	6	2	1.44	1.123	7.81	1.35	7.6	9.38	2.47	0.54	2	3	4.11	7.54	373	252	444	36.6	87.62	144.24	180.948	15.999	15.7	41.4	185.7	0	8.2	7.1	24.7	0.444	27.1
NdTiTaO6	26400	0.11	0.11	0.11	0.67	9	6	6	2	1.179	0.745	0.64	1.35	9.38	4.49	2.47	0.54	3	3.45	4.11	7.54	252	571	444	36.6	144.24	47.88	180.948	15.999	41.4	120.2	185.7	0	7.1	18.8	24.7	0.444	43.1
Ca(Sm0.5Ta0.5)O3	26500	0.2	0.1	0.1	0.6	12	6	6	2	1.4	1.098	7.81	1.35	6.22	8.62	2.47	0.54	2.2	3.1	4.11	7.54	468	284	444	36.6	40.078	150.36	180.948	15.999	19.6	49.7	185.7	0	8.6	10.9	24.7	0.444	19.6
Sr(Ho0.5Nb0.5)O3	20400	0.2	0.1	0.1	0.6	12	6	6	2	1.44	3.33	10.42	1.35	7.6	7.58	4.45	0.54	2	3.3	4	7.54	373	359	441	36.6	87.62	164.93	92.906	15.999	15.7	64.8	104.9	0	8.2	17.2	26.8	0.444	32
PrTiNbO6	12300	0.11	0.11	0.11	0.67	6	6	6	2	0.99	0.605	0.64	1.35	9.92	4.49	4.45	0.54	3	3.45	4	7.54	236	571	441	36.6	140.908	47.88	92.906	15.999	37.3	120.2	104.9	0	11.3	18.8	26.8	0.444	53
Ca(Sm0.5Nb0.5)O3	24500	0.2	0.1	0.1	0.6	12	6	6	2	1.4	1.098	10.42	1.35	6.22	8.62	4.45	0.54	2.2	3.1	4	7.54	468	284	441	36.6	40.078	150.36	92.906	15.999	19.6	49.7	104.9	0	8.6	10.9	26.8	0.444	20.9
Ba(In0.5Ta0.5)O3	35500	0.2	0.1	0.1	0.6	12	6	6	2	1.24	3.75	7.81	1.35	11.07	5.01	2.47	0.54	2.4	3.1	4.11	7.54	461	638	444	36.6	137.327	114.82	180.948	15.999	12.8	10.6	185.7	0	7.8	3.26	24.7	0.444	37.2
Ba(Dy0.5Nb0.5)O3	20600	0.2	0.1	0.1	0.6	12	6	6	2	1.24	1.87	10.42	1.35	11.07	7.74	4.45	0.54	2.4	3.2	4	7.54	461	344	441	36.6	137.327	162.5	92.906	15.999	12.8	61.4	104.9	0	7.8	17.2	26.8	0.444	38.9
Ba(Sc0.5Nb0.5)O3	20000	0.2	0.1	0.1	0.6	12	6	6	2	1.24	0.885	10.42	1.35	11.07	5.09	4.45	0.54	2.4	3.34	4	7.54	461	513	441	36.6	137.327	44.956	92.906	15.999	12.8	74.4	104.9	0	7.8	15.77	26.8	0.444	35.7
(La0.44Sr0.33)TiO3	7500	0.07	0.09	0.21	0.63	12	12	6	2	1.18	1.36	0.605	1.35	7.6	8.68	4.49	0.54	2	3.1	3.45	7.54	373	202	571	36.6	87.62	138.906	47.88	15.999	15.7	37.9	120.2	0	8.2	10	18.8	0.444	80
Ba(Pr0.5Nb0.5)O3	28500	0.2	0.1	0.1	0.6	12	6	6	2	1.24	1.13	10.42	1.35	11.07	9.92	4.45	0.54	2.4	3	4	7.54	461	236	441	36.6	137.327	140.908	92.906	15.999	12.8	37.3	104.9	0	7.8	11.3	26.8	0.444	44.5
Ca(Dy0.5Nb0.5)O3	32500	0.2	0.1	0.1	0.6	12	6	6	2	1.4	1.87	10.42	1.35	6.22	7.74	4.45	0.54	2.2	3.2	4	7.54	468	344	441	36.6	40.078	162.5	92.906	15.999	19.6	61.4	104.9	0	8.6	17.2	26.8	0.444	32
DyTiNbO6	19100	0.11	0.11	0.11	0.67	6	6	6	2	1.07	0.605	0.64	1.35	7.74	4.49	4.45	0.54	3.2	3.45	4	7.54	344	571	441	36.6	162.5	47.88	92.906	15.999	61.4	120.2	104.9	0	17.2	18.8	26.8	0.444	22
Sr(Ca0.33Ta0.67)O3	27300	0.2	0.07	0.13	0.6	12	6	6	2	1.44	2	7.81	1.35	7.6	6.22	2.47	0.54	2	2.2	4.11	7.54	373	468	444	36.6	87.62	40.078	180.948	15.999	15.7	19.6	185.7	0	8.2	8.6	24.7	0.444	22
Bi(Sb0.6Ta0.4)O4	35000	0.17	0.1	0.07	0.67	6	6	6	2	1.17	0.8	7.81	1.35	4.04	2.37	2.47	0.54	4.69	4.85	4.11	7.54	596	288	444	36.6	208.98	121.75	180.948	15.999	34	54.7	185.7	0	10.9	39.7	24.7	0.444	27
Ca(Y0.5Nb0.5)O3	35000	0.2	0.1	0.1	0.6	12	6	6	2	1.4	1.04	10.42	1.35	6.22	5.57	4.45	0.54	2.2	3.19	4	7.54	468	396	441	36.6	40.078	88.906	92.906	15.999	19.6	66.3	104.9	0	8.6	11.5	26.8	0.444	31
Ba3NiSb2O9	41840	0.2	0.07	0.13	0.6	12	6	6	2	1.24	0.83	8.33	1.35	11.07	3.12	2.37	0.54	2.4	4.4	4.85	7.54	461	144	288	36.6	137.327	58.69	121.75	15.999	12.8	199.5	54.7	0	7.8	17.2	39.7	0.444	14
Ca5Mg4(VO4)6	53300	0.13	0.1	0.15	0.62	10	4	4	2	1.37	0.72	0.355	1.35	6.22	3.18	4.48	0.54	2.2	8.3	3.6	7.54	468	121	68.4	36.6	40.078	24.305	50.942	15.999	19.6	44.7	127.6	0	8.6	8.9	17.5	0.444	9.2
Mg0.95Ni0.05Ti2O5	50000	0.12	0.01	0.25	0.62	12	6	6	2	1.1	0.83	6.61	1.35	3.18	3.12	4.49	0.54	8.3	4.4	3.45	7.54	121	144	571	36.6	24.305	58.69	47.88	15.999	44.7	199.5	120.2	0	8.9	17.2	18.8	0.444	18.8
Sm2BaZnO5	35500	0.22	0.11	0.11	0.56	12	6	6	2	1.32	1.48	2.7	1.35	8.62	11.07	2.24	0.54	3.1	2.4	4.45	7.54	284	461	189	36.6	150.36	137.327	65.39	15.999	49.7	12.8	104.5	0	10.9	7.8	7.28	0.444	18.5
Ni0.15Nb0.3Ti0.55O2	12800	0.05	0.1	0.18	0.67	12	12	6	2	0.69	0.72	0.605	1.35	3.12	4.45	4.49	0.54	4.4	4	3.45	7.54	144	441	571	36.6	58.69	92.906	47.88	15.999	199.5	104.9	120.2	0	17.2	26.8	18.8	0.444	75
Ba(Ho0.5Nb0.5)O3	21600	0.2	0.1	0.1	0.6	12	6	6	2	1.24	3.33	10.42	1.35	11.07	7.58	4.45	0.54	2.4	3.3	4	7.54	461	359	441	36.6	137.327	164.93	92.906	15.999	12.8	64.8	104.9	0	7.8	17.2	26.8	0.444	38
Pb0.65Ca.35ZrO3	1260	0.13	0.07	0.2	0.6	12	12	6	2	1.49	1	0.72	1.35	4.16	6.22	4.63	0.54	3.9	2.2	3.64	7.54	579	468	419	36.6	207.2	40.078	91.224	15.999	16.1	19.6	98	0	4.81	8.6	19.2	0.444	118
Pb0.65Ca0.35ZrO3	1260	0.13	0.07	0.2	0.6	12	12	6	2	1.49	1	0.72	1.35	4.16	6.22	4.63	0.54	3.9	2.2	3.64	7.54	579	468	419	36.6	207.2	40.078	91.224	15.999	16.1	19.6	98	0	4.81	8.6	19.2	0.444	118
Bi(V0.008Nb0.992)O4	18500	0.17	0	0.17	0.67	6	6	6	2	1.17	0.68	10.42	1.35	4.04	4.48	4.45	0.54	4.69	3.6	4	7.54	596	68.4	441	36.6	208.98	50.942	92.906	15.999	34	127.6	104.9	0	10.9	17.5	26.8	0.444	40
Pb0.95Ca.05ZrO3	720	0.19	0.01	0.2	0.6	12	12	6	2	1.49	1	0.72	1.35	4.16	6.22	4.63	0.54	3.9	2.2	3.64	7.54	579	468	419	36.6	207.2	40.078	91.224	15.999	16.1	19.6	98	0	4.81	8.6	19.2	0.444	112
Ca2Zn4Ti16O38	31600	0.03	0.07	0.27	0.63	12	6	7.5	2	1.34	0.74	0.605	1.35	6.22	2.24	4.49	0.54	2.2	4.45	3.45	7.54	468	189	571	36.6	40.078	65.39	47.88	15.999	19.6	104.5	120.2	0	8.6	7.28	18.8	0.444	48.4
Ba21Nb16TiO63	19000	0.21	0.16	0.01	0.62	12	6	6	2	1.61	0.64	0.605	1.35	11.07	4.45	4.49	0.54	2.4	4	3.45	7.54	461	441	571	36.6	137.327	92.906	47.88	15.999	12.8	104.9	120.2	0	7.8	26.8	18.8	0.444	42.7
Pb0.5Ca0.5ZrO3	3900	0.1	0.1	0.2	0.6	12	12	6	2	1.49	1	0.72	1.35	4.16	6.22	4.63	0.54	3.9	2.2	3.64	7.54	579	468	419	36.6	207.2	40.078	91.224	15.999	16.1	19.6	98	0	4.81	8.6	19.2	0.444	74
Ca(Pr0.5Nb0.5)O3	31500	0.2	0.1	0.1	0.6	12	6	6	2	1.4	1.13	10.42	1.35	6.22	9.92	4.45	0.54	2.2	3	4	7.54	468	236	441	36.6	40.078	140.908	92.906	15.999	19.6	37.3	104.9	0	8.6	11.3	26.8	0.444	24.2
LiYbW2O8	8720	0.08	0.08	0.17	0.67	8	6	6	2	1.06	1.008	14.29	1.35	9.1	7.26	2.4	0.54	3.01	3.5	4.4	7.54	1.96	401	458	36.6	6.941	173.04	183.85	15.999	4.9	23.9	411	0	2.93	9.2	35	0.444	19.7
Pb0.75Ca0.25ZrO3	960	0.15	0.05	0.2	0.6	12	12	6	2	1.49	1	0.72	1.35	4.16	6.22	4.63	0.54	3.9	2.2	3.64	7.54	579	468	419	36.6	207.2	40.078	91.224	15.999	16.1	19.6	98	0	4.81	8.6	19.2	0.444	167
Dy(Mg0.5Ti0.5)O3	36800	0.2	0.1	0.1	0.6	12	6	6	2	1.052	0.86	6.61	1.35	7.74	3.18	4.49	0.54	3.2	8.3	3.45	7.54	344	121	571	36.6	162.5	24.305	47.88	15.999	61.4	44.7	120.2	0	17.2	8.9	18.8	0.444	23
Ca(Er0.5Nb0.5)O3	31800	0.2	0.1	0.1	0.6	12	6	6	2	1.4	3.37	10.42	1.35	6.22	7.46	4.45	0.54	2.2	3.3	4	7.54	468	373	441	36.6	40.078	167.26	92.906	15.999	19.6	69.9	104.9	0	8.6	17.2	26.8	0.444	32
Ca(Nd0.5Nb0.5)O3	17500	0.2	0.1	0.1	0.6	12	6	6	2	1.4	1.123	10.42	1.35	6.22	9.38	4.45	0.54	2.2	3	4	7.54	468	252	441	36.6	40.078	144.24	92.906	15.999	19.6	41.4	104.9	0	8.6	7.1	26.8	0.444	20
SrPr4Si3O13	12200	0.05	0.19	0.14	0.62	9	8	4	2	0.131	1.179	0.26	1.35	7.6	9.92	2.19	0.54	2	3	4.77	7.54	373	236	189	36.6	87.62	140.908	28.086	15.999	15.7	37.3	113	0	8.2	11.3	50.6	0.444	15.6
La5CrTi3O15	27500	0.21	0.04	0.12	0.62	12	6	6	2	1.36	0.615	0.605	1.35	8.68	4.33	4.49	0.54	3.1	3.72	3.45	7.54	202	79.8	571	36.6	138.906	51.996	47.88	15.999	37.9	279	120.2	0	10	21	18.8	0.444	33.2
Ba3LaNb3O12	9000	0.16	0.05	0.16	0.63	12	12	6	2	1.61	1.36	0.64	1.35	11.07	8.68	4.45	0.54	2.4	3.1	4	7.54	461	202	441	36.6	137.327	138.906	92.906	15.999	12.8	37.9	104.9	0	7.8	10	26.8	0.444	43.5
Ba4Nd9.33Ti18O54	10060	0.05	0.11	0.21	0.63	12	12	6	2	1.35	0.983	0.605	1.35	11.07	9.38	4.49	0.54	2.4	3	3.45	7.54	461	252	571	36.6	137.327	144.24	47.88	15.999	12.8	41.4	120.2	0	7.8	7.1	18.8	0.444	82.5
Pb0.63Ca0.37ZrO3	3000	0.13	0.07	0.2	0.6	12	12	6	2	1.49	1	0.72	1.35	4.16	6.22	4.63	0.54	3.9	2.2	3.64	7.54	579	468	419	36.6	207.2	40.078	91.224	15.999	16.1	19.6	98	0	4.81	8.6	19.2	0.444	110
EuTiNbO6	17250	0.11	0.11	0.11	0.67	6	6	6	2	0.947	0.605	0.64	1.35	8.38	4.49	4.45	0.54	3.1	3.45	4	7.54	299	571	441	36.6	151.965	47.88	92.906	15.999	18.2	120.2	104.9	0	10.5	18.8	26.8	0.444	32
Ba(Sm0.5Nb0.5)O3	21500	0.2	0.1	0.1	0.6	12	6	6	2	1.24	1.098	10.42	1.35	11.07	8.62	4.45	0.54	2.4	3.1	4	7.54	461	284	441	36.6	137.327	150.36	92.906	15.999	12.8	49.7	104.9	0	7.8	10.9	26.8	0.444	39.7
Ca5Nb4TiO17	17600	0.19	0.15	0.04	0.63	12	6	6	2	1.4	10.42	6.61	1.35	6.22	4.45	4.49	0.54	2.2	4	3.45	7.54	468	441	571	36.6	40.078	92.906	47.88	15.999	19.6	104.9	120.2	0	8.6	26.8	18.8	0.444	44.9
(Li0.5Er0.5)MoO4	10650	0.08	0.08	0.17	0.67	8	6	6	2	1.06	3.37	10.17	1.35	9.1	7.46	4.08	0.54	3.01	3.3	3.9	7.54	1.96	373	163	36.6	6.941	167.26	95.94	15.999	4.9	69.9	324.8	0	2.93	17.2	28	0.444	18.6
(AgBi)0.5MoO4	12600	0.08	0.08	0.17	0.67	8	8	4	2	1.28	1.17	0.59	1.35	3.29	4.04	4.08	0.54	4.44	4.69	3.9	7.54	586	596	163	36.6	107.868	208.98	95.94	15.999	82.7	34	324.8	0	11.1	10.9	28	0.444	30.4
Ca0.6La0.4TiO3	17600	0.12	0.08	0.2	0.6	12	12	6	2	1.34	1.032	0.605	1.35	6.22	8.68	4.49	0.54	2.2	3.1	3.45	7.54	468	202	571	36.6	40.078	138.906	47.88	15.999	19.6	37.9	120.2	0	8.6	10	18.8	0.444	109
SrEu4Si3O13	20700	0.05	0.19	0.14	0.62	9	8	4	2	0.131	1.066	0.26	1.35	7.6	8.38	2.19	0.54	2	3.1	4.77	7.54	373	299	189	36.6	87.62	151.965	28.086	15.999	15.7	18.2	113	0	8.2	10.5	50.6	0.444	14.8
YbTiTaO6	31800	0.11	0.11	0.11	0.67	12	6	6	2	1.042	0.745	7.81	1.35	7.26	4.49	2.47	0.54	3.5	3.45	4.11	7.54	401	571	444	36.6	173.04	47.88	180.948	15.999	23.9	120.2	185.7	0	9.2	18.8	24.7	0.444	19.3
CaNdAlO4	17980	0.14	0.14	0.14	0.57	9	9	6	2	1.18	1.303	0.535	1.35	6.22	9.38	5.23	0.54	2.2	3	3.23	7.54	468	252	152	36.6	40.078	144.24	26.982	15.999	19.6	41.4	70.6	0	8.6	7.1	10.5	0.444	18.2
SmTiTaO6	24500	0.11	0.11	0.11	0.67	6	6	6	2	0.958	0.605	0.64	1.35	8.62	4.49	2.47	0.54	3.1	3.45	4.11	7.54	284	571	444	36.6	150.36	47.88	180.948	15.999	49.7	120.2	185.7	0	10.9	18.8	24.7	0.444	41.8
Nd(Mg0.5Ti0.5)O3	36900	0.2	0.1	0.1	0.6	12	6	6	2	1.29	0.86	6.61	1.35	9.38	3.18	4.49	0.54	3	8.3	3.45	7.54	252	121	571	36.6	144.24	24.305	47.88	15.999	41.4	44.7	120.2	0	7.1	8.9	18.8	0.444	23
Ba10Mg0.25Ta7.9O30	33500	0.21	0.01	0.16	0.62	12	6	6	2	1.61	0.72	0.64	1.35	11.07	3.18	2.47	0.54	2.4	8.3	4.11	7.54	461	121	444	36.6	137.327	24.305	180.948	15.999	12.8	44.7	185.7	0	7.8	8.9	24.7	0.444	28.2
Pb0.7Ca0.3ZrO3	1800	0.14	0.06	0.2	0.6	12	12	6	2	1.49	1	0.72	1.35	4.16	6.22	4.63	0.54	3.9	2.2	3.64	7.54	579	468	419	36.6	207.2	40.078	91.224	15.999	16.1	19.6	98	0	4.81	8.6	19.2	0.444	132
Mg0.2Zn0.8Al2O4	98000	0.03	0.11	0.29	0.57	4	4	6	2	0.57	0.6	0.535	1.35	3.18	2.24	5.23	0.54	8.3	4.45	3.23	7.54	121	189	152	36.6	24.305	65.39	26.982	15.999	44.7	104.5	70.6	0	8.9	7.28	10.5	0.444	8.4
CoLi0.67Ti1.33O4	35000	0.14	0.1	0.19	0.57	6	6	6	2	0.885	0.9	6.61	1.35	3.01	9.1	4.49	0.54	4.3	3.01	3.45	7.54	125	1.96	571	36.6	58.933	6.941	47.88	15.999	211	4.9	120.2	0	16.3	2.93	18.8	0.444	21.4
Ca(Yb0.5Ta0.5)O3	24000	0.2	0.1	0.1	0.6	12	6	6	2	1.4	1.008	7.81	1.35	6.22	7.26	2.47	0.54	2.2	3.5	4.11	7.54	468	401	444	36.6	40.078	173.04	180.948	15.999	19.6	23.9	185.7	0	8.6	9.2	24.7	0.444	21.2
MgLi0.67Ti1.33O4	62300	0.14	0.1	0.19	0.57	12	6	6	2	1.1	0.9	6.61	1.35	3.18	9.1	4.49	0.54	8.3	3.01	3.45	7.54	121	1.96	571	36.6	24.305	6.941	47.88	15.999	44.7	4.9	120.2	0	8.9	2.93	18.8	0.444	20.2
SrEr4Si3O13	18100	0.05	0.19	0.14	0.62	9	8	4	2	0.131	1.004	0.26	1.35	7.6	7.46	2.19	0.54	2	3.3	4.77	7.54	373	373	189	36.6	87.62	167.26	28.086	15.999	15.7	69.9	113	0	8.2	17.2	50.6	0.444	10.4
Ca(Dy0.5Ta0.5)O3	26500	0.2	0.1	0.1	0.6	12	6	6	2	1.4	1.87	7.81	1.35	6.22	7.74	2.47	0.54	2.2	3.2	4.11	7.54	468	344	444	36.6	40.078	162.5	180.948	15.999	19.6	61.4	185.7	0	8.6	17.2	24.7	0.444	30
Pb0.6Ca0.4ZrO3	3600	0.12	0.08	0.2	0.6	12	12	6	2	1.49	1	0.72	1.35	4.16	6.22	4.63	0.54	3.9	2.2	3.64	7.54	579	468	419	36.6	207.2	40.078	91.224	15.999	16.1	19.6	98	0	4.81	8.6	19.2	0.444	94
SrSm4Si3O13	20800	0.05	0.19	0.14	0.62	9	8	4	2	0.131	1.079	0.26	1.35	7.6	8.62	2.19	0.54	2	3.1	4.77	7.54	373	284	189	36.6	87.62	150.36	28.086	15.999	15.7	49.7	113	0	8.2	10.9	50.6	0.444	13.5
Sr2MnSi2O7	32000	0.17	0.08	0.17	0.58	8	4	4	2	1.26	0.66	0.4	1.35	7.6	3.48	2.19	0.54	2	3.72	4.77	7.54	373	93	189	36.6	87.62	54.938	28.086	15.999	15.7	191	113	0	8.2	13.4	50.6	0.444	8.8
CaSmAlO4	51060	0.14	0.14	0.14	0.57	9	9	6	2	1.18	1.132	0.535	1.35	6.22	8.62	5.23	0.54	2.2	3.1	3.23	7.54	468	284	152	36.6	40.078	150.36	26.982	15.999	19.6	49.7	70.6	0	8.6	10.9	10.5	0.444	18.2
ZnTiNb2O8	42500	0.08	0.08	0.17	0.67	12	6	6	2	0.9	0.745	10.42	1.35	2.24	4.49	4.45	0.54	4.45	3.45	4	7.54	189	571	441	36.6	65.39	47.88	92.906	15.999	104.5	120.2	104.9	0	7.28	18.8	26.8	0.444	34
Mg0.4Zn0.6Al2O4	93000	0.06	0.09	0.29	0.57	4	4	6	2	0.57	0.6	0.535	1.35	3.18	2.24	5.23	0.54	8.3	4.45	3.23	7.54	121	189	152	36.6	24.305	65.39	26.982	15.999	44.7	104.5	70.6	0	8.9	7.28	10.5	0.444	8.3
Ca(Gd0.5Ta0.5)O3	26000	0.2	0.1	0.1	0.6	12	6	6	2	1.4	3.2	7.81	1.35	6.22	7.78	2.47	0.54	2.2	3.3	4.11	7.54	468	314	444	36.6	40.078	157.25	180.948	15.999	19.6	54.8	185.7	0	8.6	15.5	24.7	0.444	27.2
Ca0.99Mg0.01SiO3	62400	0.2	0	0.2	0.6	12	6	6	2	1.34	0.72	0.4	1.35	6.22	3.18	2.19	0.54	2.2	8.3	4.77	7.54	468	121	189	36.6	40.078	24.305	28.086	15.999	19.6	44.7	113	0	8.6	8.9	50.6	0.444	6.5
Ba2Ti3Nb4O18	23700	0.07	0.11	0.15	0.67	12	6	6	2	1.61	0.745	0.64	1.35	11.07	4.49	4.45	0.54	2.4	3.45	4	7.54	461	571	441	36.6	137.327	47.88	92.906	15.999	12.8	120.2	104.9	0	7.8	18.8	26.8	0.444	38
Ba4.2Nd9.2Ti18O54	8315	0.05	0.11	0.21	0.63	12	12	6	2	1.35	0.983	0.605	1.35	11.07	9.38	4.49	0.54	2.4	3	3.45	7.54	461	252	571	36.6	137.327	144.24	47.88	15.999	12.8	41.4	120.2	0	7.8	7.1	18.8	0.444	88
Ca(Ca0.33Nb0.67)O3	17000	0.2	0.07	0.13	0.6	12	6	6	2	1.4	2	10.42	1.35	6.22	6.22	4.45	0.54	2.2	2.2	4	7.54	468	468	441	36.6	40.078	40.078	92.906	15.999	19.6	19.6	104.9	0	8.6	8.6	26.8	0.444	28
Nd(W0.5Ti1.5)O6	26200	0.11	0.06	0.17	0.67	12	6	6	2	1.29	0.74	6.61	1.35	9.38	2.4	4.49	0.54	3	4.4	3.45	7.54	252	458	571	36.6	144.24	183.85	47.88	15.999	41.4	411	120.2	0	7.1	35	18.8	0.444	42
Ba0.4Sr0.6TiO3	1600	0.08	0.12	0.2	0.6	12	12	6	2	1.35	1.18	0.605	1.35	11.07	7.6	4.49	0.54	2.4	2	3.45	7.54	461	373	571	36.6	137.327	87.62	47.88	15.999	12.8	15.7	120.2	0	7.8	8.2	18.8	0.444	672
Te2(Mo0.95W0.05)O7	25800	0.2	0.1	0.01	0.7	4	5	5	2	0.66	0.5	0.51	1.35	2.22	4.08	2.4	0.54	5.49	3.9	4.4	7.54	707	163	458	36.6	127.6	95.94	183.85	15.999	47.1	324.8	411	0	34.98	28	35	0.444	13.9
MgTa1.5Nb0.5O6	33100	0.11	0.17	0.06	0.67	12	6	6	2	1.1	0.78	10.42	1.35	3.18	2.47	4.45	0.54	8.3	4.11	4	7.54	121	444	441	36.6	24.305	180.948	92.906	15.999	44.7	185.7	104.9	0	8.9	24.7	26.8	0.444	27.9
Ba0.5Sr0.5TiO3	2250	0.1	0.1	0.2	0.6	12	12	6	2	1.35	1.18	0.605	1.35	11.07	7.6	4.49	0.54	2.4	2	3.45	7.54	461	373	571	36.6	137.327	87.62	47.88	15.999	12.8	15.7	120.2	0	7.8	8.2	18.8	0.444	420
La(MgSn)0.5O3	63000	0.2	0.1	0.1	0.6	12	6	6	2	1.5	0.86	5.8	1.35	8.68	3.18	3.02	0.54	3.1	8.3	4.3	7.54	202	121	662	36.6	138.906	24.305	118.71	15.999	37.9	44.7	49.9	0	10	8.9	7.07	0.444	20.1
Ca2Al2SiO7	33000	0.17	0.17	0.08	0.58	8	4	4	2	1.12	0.39	0.4	1.35	6.22	5.23	2.19	0.54	2.2	3.23	4.77	7.54	468	152	189	36.6	40.078	26.982	28.086	15.999	19.6	70.6	113	0	8.6	10.5	50.6	0.444	8.4
SrTb4Si3O13	19300	0.05	0.19	0.14	0.62	9	8	4	2	0.131	1.04	0.26	1.35	7.6	7.91	2.19	0.54	2	3.2	4.77	7.54	373	329	189	36.6	87.62	158.925	28.086	15.999	15.7	55.7	113	0	8.2	16.3	50.6	0.444	14.3
Sr2Al2SiO7	33000	0.17	0.17	0.08	0.58	8	4	4	2	1.26	0.39	0.4	1.35	7.6	5.23	2.19	0.54	2	3.23	4.77	7.54	373	152	189	36.6	87.62	26.982	28.086	15.999	15.7	70.6	113	0	8.2	10.5	50.6	0.444	7
LiYW2O8	9550	0.08	0.08	0.17	0.67	8	8	6	2	0.92	1.019	0.6	1.35	9.1	5.57	2.4	0.54	3.01	3.19	4.4	7.54	1.96	396	458	36.6	6.941	88.906	183.85	15.999	4.9	66.3	411	0	2.93	11.5	35	0.444	14.8
Li2Mg2(WO4)3	29600	0.11	0.11	0.16	0.63	6	6	6	2	0.76	0.72	0.6	1.35	9.1	3.18	2.4	0.54	3.01	8.3	4.4	7.54	1.96	121	458	36.6	6.941	24.305	183.85	15.999	4.9	44.7	411	0	2.93	8.9	35	0.444	7.7
La5Mg0.5Ti3.5O15	31000	0.21	0.02	0.15	0.62	12	6	6	2	1.5	0.86	6.61	1.35	8.68	3.18	4.49	0.54	3.1	8.3	3.45	7.54	202	121	571	36.6	138.906	24.305	47.88	15.999	37.9	44.7	120.2	0	10	8.9	18.8	0.444	34
(K0.5Sm0.5)MoO4	20000	0.08	0.08	0.17	0.67	8	8	4	2	1.51	1.079	0.59	1.35	19.69	8.62	4.08	0.54	2.42	3.1	3.9	7.54	417	284	163	36.6	39.098	150.36	95.94	15.999	3.5	49.7	324.8	0	2.39	10.9	28	0.444	9.7
Sr(In0.5Nb0.5)O3	32700	0.2	0.1	0.1	0.6	12	6	6	2	1.44	3.75	10.42	1.35	7.6	5.01	4.45	0.54	2	3.1	4	7.54	373	638	441	36.6	87.62	114.82	92.906	15.999	15.7	10.6	104.9	0	8.2	3.26	26.8	0.444	26
CoCu2Nb2O8	36800	0.08	0.15	0.15	0.62	6	6	6	2	0.65	0.57	0.48	1.35	3.01	3.01	4.45	0.54	4.3	4.48	4	7.54	125	166	441	36.6	58.933	63.546	92.906	15.999	211	129.8	104.9	0	16.3	13	26.8	0.444	16.6
LiMgVO4	34800	0.14	0.14	0.14	0.57	4	6	4	2	0.59	0.72	0.355	1.35	9.1	3.18	4.48	0.54	3.01	8.3	3.6	7.54	1.96	121	68.4	36.6	6.941	24.305	50.942	15.999	4.9	44.7	127.6	0	2.93	8.9	17.5	0.444	9.5
Ba0.8Sr0.2TiO3	850	0.16	0.04	0.2	0.6	12	12	6	2	1.35	1.18	0.605	1.35	11.07	7.6	4.49	0.54	2.4	2	3.45	7.54	461	373	571	36.6	137.327	87.62	47.88	15.999	12.8	15.7	120.2	0	7.8	8.2	18.8	0.444	560
Ba(Ni0.5W0.5)O3	36300	0.2	0.1	0.1	0.6	12	6	6	2	1.24	0.83	14.29	1.35	11.07	3.12	2.4	0.54	2.4	4.4	4.4	7.54	461	144	458	36.6	137.327	58.69	183.85	15.999	12.8	199.5	411	0	7.8	17.2	35	0.444	17.1
(Li0.5Yb0.5)MoO4	6350	0.08	0.08	0.17	0.67	8	8	4	2	0.92	0.985	0.59	1.35	9.1	7.26	4.08	0.54	3.01	3.5	3.9	7.54	1.96	401	163	36.6	6.941	173.04	95.94	15.999	4.9	23.9	324.8	0	2.93	9.2	28	0.444	16.3
(LiBi)0.5MoO4	3200	0.08	0.08	0.17	0.67	8	8	4	2	0.92	1.17	0.59	1.35	9.1	4.04	4.08	0.54	3.01	4.69	3.9	7.54	1.96	596	163	36.6	6.941	208.98	95.94	15.999	4.9	34	324.8	0	2.93	10.9	28	0.444	41.7
Ba0.6Sr0.4TiO3	300	0.12	0.08	0.2	0.6	12	12	6	2	1.35	1.18	0.605	1.35	11.07	7.6	4.49	0.54	2.4	2	3.45	7.54	461	373	571	36.6	137.327	87.62	47.88	15.999	12.8	15.7	120.2	0	7.8	8.2	18.8	0.444	838
Zn0.4Co0.6TiO3	70000	0.08	0.12	0.2	0.6	12	6	6	2	0.9	2.99	6.61	1.35	2.24	3.01	4.49	0.54	4.45	4.3	3.45	7.54	189	125	571	36.6	65.39	58.933	47.88	15.999	104.5	211	120.2	0	7.28	16.3	18.8	0.444	28
Ba8Nb4Ti3O24	22000	0.21	0.1	0.08	0.62	12	6	6	2	1.61	0.64	0.605	1.35	11.07	4.45	4.49	0.54	2.4	4	3.45	7.54	461	441	571	36.6	137.327	92.906	47.88	15.999	12.8	104.9	120.2	0	7.8	26.8	18.8	0.444	44.1
La5GaTi3O15	30300	0.21	0.04	0.12	0.62	12	6	6	2	1.36	0.62	0.605	1.35	8.68	4.47	4.49	0.54	3.1	3.2	3.45	7.54	202	212	571	36.6	138.906	69.723	47.88	15.999	37.9	9.8	120.2	0	10	5.59	18.8	0.444	35
Sr4Ce2Ti7O22	11100	0.11	0.06	0.2	0.63	6	6	6	2	1.18	0.87	0.605	1.35	7.6	10.35	4.49	0.54	2	3	3.45	7.54	373	219	571	36.6	87.62	140.115	47.88	15.999	15.7	33.5	120.2	0	8.2	8.9	18.8	0.444	133
La6MgTi4O18	27350	0.21	0.03	0.14	0.62	12	6	6	2	1.36	0.72	0.605	1.35	8.68	3.18	4.49	0.54	3.1	8.3	3.45	7.54	202	121	571	36.6	138.906	24.305	47.88	15.999	37.9	44.7	120.2	0	10	8.9	18.8	0.444	36.3
Ba0.2Sr0.8TiO3	2400	0.04	0.16	0.2	0.6	12	12	6	2	1.35	1.18	0.605	1.35	11.07	7.6	4.49	0.54	2.4	2	3.45	7.54	461	373	571	36.6	137.327	87.62	47.88	15.999	12.8	15.7	120.2	0	7.8	8.2	18.8	0.444	363
BaLi2Ti6O14	23300	0.04	0.09	0.26	0.61	12	6	6	2	1.24	0.9	6.61	1.35	11.07	9.1	4.49	0.54	2.4	3.01	3.45	7.54	461	1.96	571	36.6	137.327	6.941	47.88	15.999	12.8	4.9	120.2	0	7.8	2.93	18.8	0.444	31.7
Sm(Zn0.5Ti0.5)O3	37000	0.2	0.1	0.1	0.6	12	6	6	2	1.32	0.88	6.61	1.35	8.62	2.24	4.49	0.54	3.1	4.45	3.45	7.54	284	189	571	36.6	150.36	65.39	47.88	15.999	49.7	104.5	120.2	0	10.9	7.28	18.8	0.444	31
(Bi0.8La0.2)2Mo2O9	13500	0.12	0.03	0.15	0.69	6	6	4	2	1.06	1.032	0.59	1.35	4.04	8.68	4.08	0.54	4.69	3.1	3.9	7.54	596	202	163	36.6	208.98	138.906	95.94	15.999	34	37.9	324.8	0	10.9	10	28	0.444	32.7
Ba2BiV3O11	68700	0.12	0.06	0.18	0.65	11.5	5	8	2	1.61	0.96	0.54	1.35	11.07	4.04	4.48	0.54	2.4	4.69	3.6	7.54	461	596	68.4	36.6	137.327	208.98	50.942	15.999	12.8	34	127.6	0	7.8	10.9	17.5	0.444	14.2
Ca(Er0.5Ta0.5)O3	29600	0.2	0.1	0.1	0.6	12	6	6	2	1.4	3.37	7.81	1.35	6.22	7.46	2.47	0.54	2.2	3.3	4.11	7.54	468	373	444	36.6	40.078	167.26	180.948	15.999	19.6	69.9	185.7	0	8.6	17.2	24.7	0.444	26
(Li0.5Ce0.5)MoO4	2000	0.08	0.08	0.17	0.67	8	8	4	2	0.92	1.143	0.59	1.35	9.1	10.35	4.08	0.54	3.01	3	3.9	7.54	1.96	219	163	36.6	6.941	140.115	95.94	15.999	4.9	33.5	324.8	0	2.93	8.9	28	0.444	20.6
La6Mg0.913Ti4.04O18	31000	0.21	0.03	0.14	0.62	12	6	6	2	1.36	0.72	0.605	1.35	8.68	3.18	4.49	0.54	3.1	8.3	3.45	7.54	202	121	571	36.6	138.906	24.305	47.88	15.999	37.9	44.7	120.2	0	10	8.9	18.8	0.444	32
Sr2CoSi2O7	34000	0.17	0.08	0.17	0.58	8	4	4	2	1.26	0.58	0.4	1.35	7.6	3.01	2.19	0.54	2	4.3	4.77	7.54	373	125	189	36.6	87.62	58.933	28.086	15.999	15.7	211	113	0	8.2	16.3	50.6	0.444	8.9
Mg3Dy4Al44O75	28000	0.02	0.03	0.35	0.6	6	6	6	2	0.72	1.052	0.535	1.35	3.18	7.74	5.23	0.54	8.3	3.2	3.23	7.54	121	344	152	36.6	24.305	162.5	26.982	15.999	44.7	61.4	70.6	0	8.9	17.2	10.5	0.444	10.3
Ba(Tb0.5Ta0.5)O3	28200	0.2	0.1	0.1	0.6	12	6	6	2	1.24	1.063	7.81	1.35	11.07	7.91	2.47	0.54	2.4	3.2	4.11	7.54	461	329	444	36.6	137.327	158.925	180.948	15.999	12.8	55.7	185.7	0	7.8	16.3	24.7	0.444	28
SmTiNbO6	18000	0.11	0.11	0.11	0.67	6	6	6	2	0.958	0.605	0.64	1.35	8.62	4.49	4.45	0.54	3.1	3.45	4	7.54	284	571	441	36.6	150.36	47.88	92.906	15.999	49.7	120.2	104.9	0	10.9	18.8	26.8	0.444	45
SrY4Si3O13	20500	0.05	0.19	0.14	0.62	9	8	4	2	0.131	1.019	0.26	1.35	7.6	5.57	2.19	0.54	2	3.19	4.77	7.54	373	396	189	36.6	87.62	88.906	28.086	15.999	15.7	66.3	113	0	8.2	11.5	50.6	0.444	12.6
Ba(Sm0.5Ta0.5)O3	27000	0.2	0.1	0.1	0.6	12	6	6	2	1.24	1.098	7.81	1.35	11.07	8.62	2.47	0.54	2.4	3.1	4.11	7.54	461	284	444	36.6	137.327	150.36	180.948	15.999	12.8	49.7	185.7	0	7.8	10.9	24.7	0.444	34.3
(Sm0.5Na0.5Ti)O3	13000	0.1	0.1	0.2	0.6	12	12	6	2	1.16	1.24	0.605	1.35	11.8	8.62	4.49	0.54	2.85	3.1	3.45	7.54	95.3	284	571	36.6	22.99	150.36	47.88	15.999	6.8	49.7	120.2	0	2.64	10.9	18.8	0.444	80
Ba(Nd0.5Nb0.5)O3	15000	0.2	0.1	0.1	0.6	12	6	6	2	1.24	1.123	10.42	1.35	11.07	9.38	4.45	0.54	2.4	3	4	7.54	461	252	441	36.6	137.327	144.24	92.906	15.999	12.8	41.4	104.9	0	7.8	7.1	26.8	0.444	41.9
Ba8Ga0.8Ta5.92O24	29000	0.21	0.02	0.15	0.62	12	6	6	2	1.24	4.84	7.81	1.35	11.07	4.47	2.47	0.54	2.4	3.2	4.11	7.54	461	212	444	36.6	137.327	69.723	180.948	15.999	12.8	9.8	185.7	0	7.8	5.59	24.7	0.444	29
Mg0.9Ba0.1TiO3	32666	0.18	0.02	0.2	0.6	12	12	6	2	0.89	0.35	0.605	1.35	3.18	11.07	4.49	0.54	8.3	2.4	3.45	7.54	121	461	571	36.6	24.305	137.327	47.88	15.999	44.7	12.8	120.2	0	8.9	7.8	18.8	0.444	32.67
(La0.5Na0.5)TiO3	9800	0.1	0.1	0.2	0.6	12	12	6	2	1.16	1.34	0.605	1.35	11.8	8.68	4.49	0.54	2.85	3.1	3.45	7.54	95.3	202	571	36.6	22.99	138.906	47.88	15.999	6.8	37.9	120.2	0	2.64	10	18.8	0.444	122
Eu(W0.5Ti1.5)O6	30500	0.11	0.06	0.17	0.67	6	6	6	2	1.206	0.74	6.61	1.35	8.38	2.4	4.49	0.54	3.1	4.4	3.45	7.54	299	458	571	36.6	151.965	183.85	47.88	15.999	18.2	411	120.2	0	10.5	35	18.8	0.444	38.6
ZnMnW2O8	10670	0.08	0.08	0.17	0.67	6	6	6	2	0.74	0.67	0.6	1.35	2.24	3.48	2.4	0.54	4.45	3.72	4.4	7.54	189	93	458	36.6	65.39	54.938	183.85	15.999	104.5	191	411	0	7.28	13.4	35	0.444	13.7
Ba0.98(Zn0.5W0.5)O2.98	31000	0.2	0.1	0.1	0.6	12	6	6	2	1.24	0.88	14.29	1.35	11.07	2.24	2.4	0.54	2.4	4.45	4.4	7.54	461	189	458	36.6	137.327	65.39	183.85	15.999	12.8	104.5	411	0	7.8	7.28	35	0.444	24
Ba(Nd0.5Ta0.5)O3	18000	0.2	0.1	0.1	0.6	12	6	6	2	1.24	1.123	7.81	1.35	11.07	9.38	2.47	0.54	2.4	3	4.11	7.54	461	252	444	36.6	137.327	144.24	180.948	15.999	12.8	41.4	185.7	0	7.8	7.1	24.7	0.444	36
BiNb0.95Sb0.05O4	14300	0.17	0.16	0.01	0.67	6	6	6	2	1.17	10.42	8.33	1.35	4.04	4.45	2.37	0.54	4.69	4	4.85	7.54	596	441	288	36.6	208.98	92.906	121.75	15.999	34	104.9	54.7	0	10.9	26.8	39.7	0.444	44.5
Ca(La0.5Ta0.5)O3	30000	0.2	0.1	0.1	0.6	12	6	6	2	1.4	1.172	7.81	1.35	6.22	8.68	2.47	0.54	2.2	3.1	4.11	7.54	468	202	444	36.6	40.078	138.906	180.948	15.999	19.6	37.9	185.7	0	8.6	10	24.7	0.444	19.5
La5AlTi3O15	28600	0.21	0.04	0.12	0.62	12	6	6	2	1.36	0.535	0.605	1.35	8.68	5.23	4.49	0.54	3.1	3.23	3.45	7.54	202	152	571	36.6	138.906	26.982	47.88	15.999	37.9	70.6	120.2	0	10	10.5	18.8	0.444	28.1
SmZrTaO6	24190	0.11	0.11	0.11	0.67	12	6	6	2	1.32	0.86	7.81	1.35	8.62	4.63	2.47	0.54	3.1	3.64	4.11	7.54	284	419	444	36.6	150.36	91.224	180.948	15.999	49.7	98	185.7	0	10.9	19.2	24.7	0.444	21.2
Zr0.034Hf0.966TiO4	34000	0.01	0.16	0.17	0.67	12	6	6	2	0.89	5.63	6.61	1.35	4.63	3.19	4.49	0.54	3.64	3.8	3.45	7.54	419	430	571	36.6	91.224	178.49	47.88	15.999	98	141	120.2	0	19.2	25	18.8	0.444	34.1
LiBiW2O8	16400	0.08	0.08	0.17	0.67	8	6	6	2	1.06	2.91	14.29	1.35	9.1	4.04	2.4	0.54	3.01	4.69	4.4	7.54	1.96	596	458	36.6	6.941	208.98	183.85	15.999	4.9	34	411	0	2.93	10.9	35	0.444	26.5
Mg2Al4Si5O18	40000	0.07	0.14	0.17	0.62	6	4	4	2	0.72	0.39	0.4	1.35	3.18	5.23	2.19	0.54	8.3	3.23	4.77	7.54	121	152	189	36.6	24.305	26.982	28.086	15.999	44.7	70.6	113	0	8.9	10.5	50.6	0.444	6.2
Zn2(Sn0.99Zr0.01)O4	87000	0.29	0.14	0	0.57	6	6	6	2	0.74	0.69	0.72	1.35	2.24	3.02	4.63	0.54	4.45	4.3	3.64	7.54	189	662	419	36.6	65.39	118.71	91.224	15.999	104.5	49.9	98	0	7.28	7.07	19.2	0.444	9.6
(Zn0.7Mg0.3)TiO3	65000	0.14	0.06	0.2	0.6	6	6	6	2	0.74	0.72	0.605	1.35	2.24	3.18	4.49	0.54	4.45	8.3	3.45	7.54	189	121	571	36.6	65.39	24.305	47.88	15.999	104.5	44.7	120.2	0	7.28	8.9	18.8	0.444	22
Sr1.95Ca0.05TiO4	112650	0.279	0.0007	0.143	0.571	8	8	6	2	1.26	1.12	0.605	1.35	7.6	6.22	4.49	0.54	2	2.2	3.45	7.54	373	468	571	36.6	87.62	40.078	47.88	15.999	15.7	19.6	120.2	0	8.2	8.6	18.8	0.444	39.7
Sr1.9Ca0.1TiO4	114880	0.271	0.0014	0.143	0.571	8	8	6	2	1.26	1.12	0.605	1.35	7.6	6.22	4.49	0.54	2	2.2	3.45	7.54	373	468	571	36.6	87.62	40.078	47.88	15.999	15.7	19.6	120.2	0	8.2	8.6	18.8	0.444	39.5
Sr1.85Ca0.15TiO4	93550	0.264	0.0021	0.143	0.571	8	8	6	2	1.26	1.12	0.605	1.35	7.6	6.22	4.49	0.54	2	2.2	3.45	7.54	373	468	571	36.6	87.62	40.078	47.88	15.999	15.7	19.6	120.2	0	8.2	8.6	18.8	0.444	39.3
Sr1.8Ca0.2TiO4	81820	0.257	0.0028	0.143	0.571	8	8	6	2	1.26	1.12	0.605	1.35	7.6	6.22	4.49	0.54	2	2.2	3.45	7.54	373	468	571	36.6	87.62	40.078	47.88	15.999	15.7	19.6	120.2	0	8.2	8.6	18.8	0.444	39.9
Sr1.7Ca0.3TiO4	72000	0.251	0.0034	0.143	0.571	8	8	6	2	1.26	1.12	0.605	1.35	7.6	6.22	4.49	0.54	2	2.2	3.45	7.54	373	468	571	36.6	87.62	40.078	47.88	15.999	15.7	19.6	120.2	0	8.2	8.6	18.8	0.444	41.3
Sr0.6Ca2.4Ti2O7	2632	0.05	0.2	0.167	0.583	9	8	6	2	1.31	1.12	0.605	1.35	7.6	6.22	4.49	0.54	2	2.2	3.45	7.54	373	468	571	36.6	87.62	40.078	47.88	15.999	15.7	19.6	120.2	0	8.2	8.6	18.8	0.444	60
Sr0.3Ca2.7Ti2O7	3016	0.025	0.225	0.167	0.583	9	8	6	2	1.31	1.12	0.605	1.35	7.6	6.22	4.49	0.54	2	2.2	3.45	7.54	373	468	571	36.6	87.62	40.078	47.88	15.999	15.7	19.6	120.2	0	8.2	8.6	18.8	0.444	56
Sr2.4Ca0.6Ti2O7	25727	0.2	0.05	0.167	0.583	9	8	6	2	1.31	1.12	0.605	1.35	7.6	6.22	4.49	0.54	2	2.2	3.45	7.54	373	468	571	36.6	87.62	40.078	47.88	15.999	15.7	19.6	120.2	0	8.2	8.6	18.8	0.444	58
